2015-10-15	25753-68a3e5516d7a7dc21fbe0e7ee13bfc1c	1025	632	42.0	0.0	0.0	0.0	0.0	0.0	10.0	0.0	0.0	0.0	active
2015-10-16	25753-68a3e5516d7a7dc21fbe0e7ee13bfc1c	1025	632	42.0	0.0	0.0	0.0	0.0	0.0	8.0	0.0	0.0	0.0	active
2015-10-17	25753-68a3e5516d7a7dc21fbe0e7ee13bfc1c	1025	632	42.0	0.0	0.0	0.0	0.0	0.0	8.0	0.0	0.0	0.0	active
2015-10-18	25753-68a3e5516d7a7dc21fbe0e7ee13bfc1c	1025	632	42.0	0.0	0.0	0.0	0.0	0.0	9.0	0.0	0.0	0.0	active
2015-10-19	25753-68a3e5516d7a7dc21fbe0e7ee13bfc1c	1025	632	42.0	0.0	0.0	0.0	0.0	0.0	11.0	0.0	0.0	0.0	active
2015-10-20	25753-68a3e5516d7a7dc21fbe0e7ee13bfc1c	1025	632	42.0	0.0	0.0	0.0	0.0	0.0	9.0	0.0	0.0	0.0	active
2015-10-21	25753-68a3e5516d7a7dc21fbe0e7ee13bfc1c	1025	632	42.0	0.0	0.0	0.0	0.0	0.0	7.0	0.0	0.0	0.0	active
2015-10-22	25753-68a3e5516d7a7dc21fbe0e7ee13bfc1c	1025	632	42.0	0.0	0.0	0.0	0.0	0.0	5.0	0.0	0.0	0.0	active
2015-10-23	25753-68a3e5516d7a7dc21fbe0e7ee13bfc1c	1025	632	42.0	0.0	0.0	0.0	0.0	0.0	28.0	0.0	0.0	0.0	active
2015-10-24	25753-68a3e5516d7a7dc21fbe0e7ee13bfc1c	1025	632	42.0	0.0	0.0	0.0	0.0	0.0	13.0	0.0	0.0	0.0	active
2015-10-25	25753-68a3e5516d7a7dc21fbe0e7ee13bfc1c	1025	632	42.0	0.0	0.0	0.0	0.0	0.0	10.0	0.0	0.0	0.0	active
2015-10-26	25753-68a3e5516d7a7dc21fbe0e7ee13bfc1c	1025	632	42.0	0.0	0.0	0.0	0.0	0.0	18.0	0.0	0.0	0.0	active
2015-10-27	25753-68a3e5516d7a7dc21fbe0e7ee13bfc1c	1025	632	42.0	0.0	0.0	0.0	0.0	0.0	21.0	0.0	0.0	0.0	active
2015-10-28	25753-68a3e5516d7a7dc21fbe0e7ee13bfc1c	1025	632	42.0	0.0	0.0	0.0	0.0	0.0	34.0	0.0	0.0	0.0	active
2015-10-29	25753-68a3e5516d7a7dc21fbe0e7ee13bfc1c	1025	632	42.0	0.0	0.0	0.0	0.0	0.0	10.0	0.0	0.0	0.0	active
2015-10-30	25753-68a3e5516d7a7dc21fbe0e7ee13bfc1c	1025	632	42.0	0.0	0.0	0.0	0.0	0.0	11.0	0.0	0.0	0.0	active
2015-10-31	25753-68a3e5516d7a7dc21fbe0e7ee13bfc1c	1025	632	42.0	0.0	0.0	0.0	0.0	0.0	10.0	0.0	0.0	0.0	active
2015-11-01	25753-68a3e5516d7a7dc21fbe0e7ee13bfc1c	1025	632	42.0	0.0	0.0	0.0	0.0	0.0	14.0	0.0	0.0	0.0	active
2015-11-02	25753-68a3e5516d7a7dc21fbe0e7ee13bfc1c	1025	632	42.0	0.0	0.0	0.0	0.0	0.0	12.0	0.0	0.0	0.0	active
2015-11-03	25753-68a3e5516d7a7dc21fbe0e7ee13bfc1c	1025	632	42.0	0.0	0.0	0.0	0.0	0.0	15.0	0.0	0.0	0.0	active
2015-11-04	25753-68a3e5516d7a7dc21fbe0e7ee13bfc1c	1025	632	42.0	0.0	0.0	0.0	0.0	0.0	4.0	0.0	0.0	0.0	active
2015-11-05	25753-68a3e5516d7a7dc21fbe0e7ee13bfc1c	1025	632	42.0	0.0	0.0	0.0	0.0	0.0	15.0	0.0	0.0	0.0	active
2015-11-06	25753-68a3e5516d7a7dc21fbe0e7ee13bfc1c	1025	632	42.0	0.0	0.0	0.0	0.0	0.0	6.0	0.0	0.0	0.0	active
2015-11-07	25753-68a3e5516d7a7dc21fbe0e7ee13bfc1c	1025	632	42.0	0.0	0.0	0.0	0.0	0.0	19.0	0.0	0.0	0.0	active
2015-11-08	25753-68a3e5516d7a7dc21fbe0e7ee13bfc1c	1025	632	42.0	0.0	0.0	0.0	0.0	0.0	14.0	0.0	0.0	0.0	active
2015-11-09	25753-68a3e5516d7a7dc21fbe0e7ee13bfc1c	1025	632	42.0	0.0	0.0	0.0	0.0	0.0	23.0	0.0	0.0	0.0	active
2015-11-10	25753-68a3e5516d7a7dc21fbe0e7ee13bfc1c	1025	632	42.0	0.0	0.0	0.0	0.0	0.0	23.0	0.0	0.0	0.0	active
2015-11-11	25753-68a3e5516d7a7dc21fbe0e7ee13bfc1c	1025	632	42.0	0.0	0.0	0.0	0.0	0.0	45.0	0.0	0.0	0.0	active
2015-11-12	25753-68a3e5516d7a7dc21fbe0e7ee13bfc1c	1025	632	42.0	0.0	0.0	0.0	0.0	0.0	23.0	0.0	0.0	0.0	active
2015-11-13	25753-68a3e5516d7a7dc21fbe0e7ee13bfc1c	1025	632	42.0	0.0	0.0	0.0	0.0	0.0	13.0	0.0	0.0	0.0	active
2015-11-14	25753-68a3e5516d7a7dc21fbe0e7ee13bfc1c	1025	632	42.0	0.0	0.0	0.0	0.0	0.0	0.0	0.0	0.0	0.0	active
2015-11-15	25753-68a3e5516d7a7dc21fbe0e7ee13bfc1c	1025	632	42.0	0.0	0.0	0.0	0.0	0.0	0.0	0.0	0.0	0.0	active
2015-11-16	25753-68a3e5516d7a7dc21fbe0e7ee13bfc1c	1025	632	42.0	0.0	0.0	0.0	0.0	0.0	1.0	0.0	0.0	0.0	active
2015-11-17	25753-68a3e5516d7a7dc21fbe0e7ee13bfc1c	1025	632	42.0	0.0	0.0	0.0	0.0	0.0	0.0	0.0	0.0	0.0	active
2015-11-18	25753-68a3e5516d7a7dc21fbe0e7ee13bfc1c	1025	632	42.0	0.0	0.0	0.0	0.0	0.0	0.0	0.0	0.0	0.0	active
2015-11-19	25753-68a3e5516d7a7dc21fbe0e7ee13bfc1c	1025	632	42.0	0.0	0.0	0.0	0.0	0.0	0.0	0.0	0.0	0.0	active
2015-11-20	25753-68a3e5516d7a7dc21fbe0e7ee13bfc1c	1025	632	42.0	0.0	0.0	0.0	0.0	0.0	0.0	0.0	0.0	0.0	active
2015-11-21	25753-68a3e5516d7a7dc21fbe0e7ee13bfc1c	1025	632	42.0	0.0	0.0	0.0	0.0	0.0	0.0	0.0	0.0	0.0	active
2015-11-22	25753-68a3e5516d7a7dc21fbe0e7ee13bfc1c	1025	632	42.0	0.0	0.0	0.0	0.0	0.0	0.0	0.0	0.0	0.0	active
2015-11-23	25753-68a3e5516d7a7dc21fbe0e7ee13bfc1c	1025	632	42.0	0.0	0.0	0.0	0.0	0.0	1.0	0.0	0.0	0.0	active
2015-11-24	25753-68a3e5516d7a7dc21fbe0e7ee13bfc1c	1025	632	42.0	0.0	0.0	0.0	0.0	0.0	1.0	0.0	0.0	0.0	active
2015-11-25	25753-68a3e5516d7a7dc21fbe0e7ee13bfc1c	1025	632	42.0	0.0	0.0	0.0	0.0	0.0	18.0	0.0	0.0	0.0	active
2015-11-26	25753-68a3e5516d7a7dc21fbe0e7ee13bfc1c	1025	632	42.0	0.0	0.0	0.0	0.0	0.0	16.0	0.0	0.0	0.0	active
2015-11-27	25753-68a3e5516d7a7dc21fbe0e7ee13bfc1c	1025	632	42.0	0.0	0.0	0.0	0.0	0.0	0.0	0.0	0.0	0.0	active
2015-11-28	25753-68a3e5516d7a7dc21fbe0e7ee13bfc1c	1025	632	42.0	0.0	0.0	0.0	0.0	0.0	1.0	0.0	0.0	0.0	active
2015-11-29	25753-68a3e5516d7a7dc21fbe0e7ee13bfc1c	1025	632	42.0	0.0	0.0	0.0	0.0	0.0	0.0	0.0	0.0	0.0	active
2015-11-30	25753-68a3e5516d7a7dc21fbe0e7ee13bfc1c	1025	632	42.0	0.0	0.0	0.0	0.0	0.0	0.0	0.0	0.0	0.0	active
2015-12-01	25753-68a3e5516d7a7dc21fbe0e7ee13bfc1c	1025	632	42.0	0.0	0.0	0.0	0.0	0.0	0.0	0.0	0.0	0.0	active
2015-12-02	25753-68a3e5516d7a7dc21fbe0e7ee13bfc1c	1025	632	42.0	0.0	0.0	0.0	0.0	0.0	0.0	0.0	0.0	0.0	active
2015-12-03	25753-68a3e5516d7a7dc21fbe0e7ee13bfc1c	1025	632	42.0	0.0	0.0	0.0	0.0	0.0	0.0	0.0	0.0	0.0	active
2015-12-04	25753-68a3e5516d7a7dc21fbe0e7ee13bfc1c	1025	632	42.0	0.0	0.0	0.0	0.0	0.0	1.0	0.0	0.0	0.0	active
2015-12-05	25753-68a3e5516d7a7dc21fbe0e7ee13bfc1c	1025	632	42.0	0.0	0.0	0.0	0.0	0.0	0.0	0.0	0.0	0.0	active
2015-12-06	25753-68a3e5516d7a7dc21fbe0e7ee13bfc1c	1025	632	42.0	0.0	0.0	0.0	0.0	0.0	0.0	0.0	0.0	0.0	active
2015-12-07	25753-68a3e5516d7a7dc21fbe0e7ee13bfc1c	1025	632	42.0	0.0	0.0	0.0	0.0	0.0	0.0	0.0	0.0	0.0	active
2015-12-08	25753-68a3e5516d7a7dc21fbe0e7ee13bfc1c	1025	632	42.0	0.0	0.0	0.0	0.0	0.0	1.0	9.0	0.0	0.0	active
2015-12-09	25753-68a3e5516d7a7dc21fbe0e7ee13bfc1c	1025	632	42.0	0.0	0.0	0.0	0.0	0.0	8.0	0.0	0.0	0.0	active
2015-12-10	25753-68a3e5516d7a7dc21fbe0e7ee13bfc1c	1025	632	42.0	0.0	0.0	0.0	0.0	0.0	19.0	0.0	0.0	0.0	active
2015-12-11	25753-68a3e5516d7a7dc21fbe0e7ee13bfc1c	1025	632	42.0	0.0	0.0	0.0	0.0	0.0	25.0	0.0	0.0	0.0	active
2015-12-12	25753-68a3e5516d7a7dc21fbe0e7ee13bfc1c	1025	632	42.0	0.0	0.0	0.0	0.0	0.0	30.0	0.0	0.0	0.0	active
2015-12-13	25753-68a3e5516d7a7dc21fbe0e7ee13bfc1c	1025	632	42.0	0.0	0.0	0.0	0.0	0.0	23.0	0.0	0.0	0.0	active
2015-12-14	25753-68a3e5516d7a7dc21fbe0e7ee13bfc1c	1025	632	42.0	0.0	0.0	0.0	0.0	0.0	26.0	0.0	0.0	0.0	active
2015-12-15	25753-68a3e5516d7a7dc21fbe0e7ee13bfc1c	1025	632	42.0	0.0	0.0	0.0	0.0	0.0	9.0	0.0	0.0	0.0	active
2015-12-16	25753-68a3e5516d7a7dc21fbe0e7ee13bfc1c	1025	632	42.0	0.0	0.0	0.0	0.0	0.0	1.0	0.0	0.0	0.0	active
2015-12-17	25753-68a3e5516d7a7dc21fbe0e7ee13bfc1c	1025	632	42.0	0.0	0.0	0.0	0.0	0.0	0.0	0.0	0.0	0.0	active
2015-12-18	25753-68a3e5516d7a7dc21fbe0e7ee13bfc1c	1025	632	42.0	0.0	0.0	0.0	0.0	0.0	1.0	0.0	0.0	0.0	active
2015-12-19	25753-68a3e5516d7a7dc21fbe0e7ee13bfc1c	1025	632	42.0	0.0	0.0	0.0	0.0	0.0	0.0	0.0	0.0	0.0	active
2015-12-20	25753-68a3e5516d7a7dc21fbe0e7ee13bfc1c	1025	632	42.0	0.0	0.0	0.0	0.0	0.0	1.0	0.0	0.0	0.0	active
2015-12-21	25753-68a3e5516d7a7dc21fbe0e7ee13bfc1c	1025	632	42.0	0.0	0.0	0.0	0.0	0.0	1.0	0.0	0.0	0.0	active
2015-12-22	25753-68a3e5516d7a7dc21fbe0e7ee13bfc1c	1025	632	42.0	0.0	0.0	0.0	0.0	0.0	15.0	0.0	0.0	0.0	active
2015-12-23	25753-68a3e5516d7a7dc21fbe0e7ee13bfc1c	1025	632	42.0	0.0	0.0	0.0	0.0	0.0	27.0	0.0	0.0	0.0	active
2015-12-24	25753-68a3e5516d7a7dc21fbe0e7ee13bfc1c	1025	632	42.0	0.0	0.0	0.0	0.0	0.0	31.0	0.0	0.0	0.0	active
2015-12-25	25753-68a3e5516d7a7dc21fbe0e7ee13bfc1c	1025	632	42.0	0.0	0.0	0.0	0.0	0.0	28.0	0.0	0.0	0.0	active
2015-12-26	25753-68a3e5516d7a7dc21fbe0e7ee13bfc1c	1025	632	42.0	0.0	0.0	0.0	0.0	0.0	17.0	0.0	0.0	0.0	active
2015-12-27	25753-68a3e5516d7a7dc21fbe0e7ee13bfc1c	1025	632	42.0	0.0	0.0	0.0	0.0	0.0	8.0	0.0	0.0	0.0	active
2015-12-28	25753-68a3e5516d7a7dc21fbe0e7ee13bfc1c	1025	632	42.0	0.0	0.0	0.0	0.0	0.0	11.0	0.0	0.0	0.0	active
2015-12-29	25753-68a3e5516d7a7dc21fbe0e7ee13bfc1c	1025	632	42.0	0.0	0.0	0.0	0.0	0.0	15.0	0.0	0.0	0.0	active
2015-12-30	25753-68a3e5516d7a7dc21fbe0e7ee13bfc1c	1025	632	42.0	0.0	0.0	0.0	0.0	0.0	10.0	0.0	0.0	0.0	active
2015-12-31	25753-68a3e5516d7a7dc21fbe0e7ee13bfc1c	1025	632	42.0	0.0	0.0	0.0	0.0	0.0	1.0	0.0	0.0	0.0	active
2016-01-01	25753-68a3e5516d7a7dc21fbe0e7ee13bfc1c	1025	632	42.0	0.0	0.0	0.0	0.0	0.0	0.0	0.0	0.0	0.0	active
2016-01-02	25753-68a3e5516d7a7dc21fbe0e7ee13bfc1c	1025	632	42.0	0.0	0.0	0.0	0.0	0.0	1.0	0.0	0.0	0.0	active
2016-01-03	25753-68a3e5516d7a7dc21fbe0e7ee13bfc1c	1025	632	42.0	0.0	0.0	0.0	0.0	0.0	0.0	0.0	0.0	0.0	active
2016-01-04	25753-68a3e5516d7a7dc21fbe0e7ee13bfc1c	1025	632	42.0	0.0	0.0	0.0	0.0	0.0	1.0	0.0	0.0	0.0	active
2016-01-05	25753-68a3e5516d7a7dc21fbe0e7ee13bfc1c	1025	632	42.0	0.0	0.0	0.0	0.0	0.0	0.0	0.0	0.0	0.0	active
2016-01-06	25753-68a3e5516d7a7dc21fbe0e7ee13bfc1c	1025	632	42.0	0.0	0.0	0.0	0.0	0.0	1.0	34.0	33.0	53.0	active
2016-01-07	25753-68a3e5516d7a7dc21fbe0e7ee13bfc1c	1025	632	42.0	0.0	0.0	0.0	0.0	0.0	0.0	104.0	87.0	125.0	active
2016-01-08	25753-68a3e5516d7a7dc21fbe0e7ee13bfc1c	1025	632	42.0	0.0	0.0	0.0	0.0	0.0	0.0	101.0	79.0	113.0	active
2016-01-09	25753-68a3e5516d7a7dc21fbe0e7ee13bfc1c	1025	632	42.0	0.0	0.0	0.0	0.0	0.0	0.0	95.0	84.0	145.0	active
2016-01-10	25753-68a3e5516d7a7dc21fbe0e7ee13bfc1c	1025	632	42.0	0.0	0.0	0.0	0.0	0.0	1.0	32.0	30.0	62.0	active
2016-01-11	25753-68a3e5516d7a7dc21fbe0e7ee13bfc1c	1025	632	42.0	0.0	0.0	0.0	0.0	0.0	2.0	71.0	54.0	95.0	active
2016-01-12	25753-68a3e5516d7a7dc21fbe0e7ee13bfc1c	1025	632	42.0	0.0	0.0	0.0	0.0	0.0	0.0	114.0	98.0	124.0	active
2016-01-13	25753-68a3e5516d7a7dc21fbe0e7ee13bfc1c	1025	632	42.0	0.0	0.0	0.0	0.0	0.0	0.0	116.0	101.0	150.0	active
2016-01-14	25753-68a3e5516d7a7dc21fbe0e7ee13bfc1c	1025	632	42.0	0.0	0.0	0.0	0.0	0.0	8.0	104.0	91.0	133.0	active
2016-01-15	25753-68a3e5516d7a7dc21fbe0e7ee13bfc1c	1025	632	42.0	0.0	0.0	0.0	0.0	0.0	0.0	0.0	0.0	0.0	active
2016-01-16	25753-68a3e5516d7a7dc21fbe0e7ee13bfc1c	1025	632	42.0	0.0	0.0	0.0	0.0	0.0	0.0	0.0	0.0	0.0	active
2016-01-17	25753-68a3e5516d7a7dc21fbe0e7ee13bfc1c	1025	632	42.0	0.0	0.0	0.0	1.0	5.0	0.0	0.0	0.0	0.0	active
2016-01-18	25753-68a3e5516d7a7dc21fbe0e7ee13bfc1c	1025	632	42.0	0.0	0.0	0.0	1.0	5.0	0.0	0.0	0.0	0.0	active
2016-01-19	25753-68a3e5516d7a7dc21fbe0e7ee13bfc1c	1025	632	42.0	0.0	0.0	0.0	1.0	5.0	0.0	0.0	0.0	0.0	active
2016-01-20	25753-68a3e5516d7a7dc21fbe0e7ee13bfc1c	1025	632	42.0	0.0	0.0	0.0	1.0	5.0	0.0	0.0	0.0	0.0	active
2016-01-21	25753-68a3e5516d7a7dc21fbe0e7ee13bfc1c	1025	632	42.0	0.0	0.0	0.0	0.0	0.0	0.0	0.0	0.0	0.0	active
2016-01-22	25753-68a3e5516d7a7dc21fbe0e7ee13bfc1c	1025	632	42.0	0.0	0.0	0.0	0.0	0.0	0.0	0.0	0.0	0.0	active
2016-01-23	25753-68a3e5516d7a7dc21fbe0e7ee13bfc1c	1025	632	42.0	0.0	0.0	0.0	0.0	0.0	0.0	0.0	0.0	0.0	active
2016-01-24	25753-68a3e5516d7a7dc21fbe0e7ee13bfc1c	1025	632	42.0	0.0	0.0	0.0	1.0	4.0	0.0	0.0	0.0	0.0	active
2016-01-25	25753-68a3e5516d7a7dc21fbe0e7ee13bfc1c	1025	632	42.0	0.0	0.0	0.0	0.0	0.0	0.0	0.0	0.0	0.0	active
2016-01-26	25753-68a3e5516d7a7dc21fbe0e7ee13bfc1c	1025	632	42.0	0.0	0.0	0.0	1.0	5.0	0.0	0.0	0.0	0.0	active
2016-01-27	25753-68a3e5516d7a7dc21fbe0e7ee13bfc1c	1025	632	42.0	0.0	0.0	0.0	0.0	0.0	1.0	0.0	0.0	0.0	active
2016-01-28	25753-68a3e5516d7a7dc21fbe0e7ee13bfc1c	1025	632	42.0	0.0	0.0	0.0	0.0	0.0	0.0	0.0	0.0	0.0	active
2016-01-29	25753-68a3e5516d7a7dc21fbe0e7ee13bfc1c	1025	632	42.0	0.0	0.0	0.0	1.0	5.0	2.0	0.0	0.0	0.0	active
2016-01-30	25753-68a3e5516d7a7dc21fbe0e7ee13bfc1c	1025	632	42.0	0.0	0.0	0.0	0.0	0.0	0.0	0.0	0.0	0.0	active
2016-01-31	25753-68a3e5516d7a7dc21fbe0e7ee13bfc1c	1025	632	42.0	0.0	0.0	0.0	0.0	0.0	0.0	0.0	0.0	0.0	active
2016-02-01	25753-68a3e5516d7a7dc21fbe0e7ee13bfc1c	1025	632	42.0	0.0	0.0	0.0	0.0	0.0	0.0	0.0	0.0	0.0	active
2016-02-02	25753-68a3e5516d7a7dc21fbe0e7ee13bfc1c	1025	632	42.0	0.0	0.0	0.0	0.0	0.0	0.0	0.0	0.0	0.0	active
2016-02-03	25753-68a3e5516d7a7dc21fbe0e7ee13bfc1c	1025	632	42.0	0.0	0.0	0.0	0.0	0.0	0.0	0.0	0.0	0.0	active
2016-02-04	25753-68a3e5516d7a7dc21fbe0e7ee13bfc1c	1025	632	42.0	0.0	0.0	0.0	0.0	0.0	0.0	0.0	0.0	0.0	active
2016-02-05	25753-68a3e5516d7a7dc21fbe0e7ee13bfc1c	1025	632	42.0	0.0	0.0	0.0	0.0	0.0	0.0	0.0	0.0	0.0	active
2016-02-06	25753-68a3e5516d7a7dc21fbe0e7ee13bfc1c	1025	632	42.0	0.0	0.0	0.0	0.0	0.0	0.0	0.0	0.0	0.0	active
2016-02-07	25753-68a3e5516d7a7dc21fbe0e7ee13bfc1c	1025	632	42.0	0.0	0.0	0.0	0.0	0.0	0.0	0.0	0.0	0.0	active
2016-02-08	25753-68a3e5516d7a7dc21fbe0e7ee13bfc1c	1025	632	42.0	0.0	0.0	0.0	0.0	0.0	0.0	0.0	0.0	0.0	active
2016-02-09	25753-68a3e5516d7a7dc21fbe0e7ee13bfc1c	1025	632	42.0	0.0	0.0	0.0	0.0	0.0	0.0	0.0	0.0	0.0	active
2016-02-10	25753-68a3e5516d7a7dc21fbe0e7ee13bfc1c	1025	632	42.0	0.0	0.0	0.0	0.0	0.0	1.0	0.0	0.0	0.0	active
2016-02-11	25753-68a3e5516d7a7dc21fbe0e7ee13bfc1c	1025	632	42.0	0.0	0.0	0.0	0.0	0.0	0.0	0.0	0.0	0.0	active
2016-02-12	25753-68a3e5516d7a7dc21fbe0e7ee13bfc1c	1025	632	42.0	0.0	0.0	0.0	0.0	0.0	0.0	0.0	0.0	0.0	active
2016-02-13	25753-68a3e5516d7a7dc21fbe0e7ee13bfc1c	1025	632	42.0	0.0	0.0	0.0	0.0	0.0	0.0	0.0	0.0	0.0	active
2016-02-14	25753-68a3e5516d7a7dc21fbe0e7ee13bfc1c	1025	632	42.0	0.0	0.0	0.0	0.0	0.0	0.0	0.0	0.0	0.0	active
2016-02-15	25753-68a3e5516d7a7dc21fbe0e7ee13bfc1c	1025	632	42.0	0.0	0.0	0.0	0.0	0.0	0.0	0.0	0.0	0.0	active
2016-02-16	25753-68a3e5516d7a7dc21fbe0e7ee13bfc1c	1025	632	42.0	0.0	0.0	0.0	1.0	5.0	0.0	0.0	0.0	0.0	active
2016-02-17	25753-68a3e5516d7a7dc21fbe0e7ee13bfc1c	1025	632	42.0	0.0	0.0	0.0	0.0	0.0	0.0	0.0	0.0	0.0	active
2016-02-18	25753-68a3e5516d7a7dc21fbe0e7ee13bfc1c	1025	632	42.0	0.0	0.0	0.0	0.0	0.0	0.0	0.0	0.0	0.0	active
2016-02-19	25753-68a3e5516d7a7dc21fbe0e7ee13bfc1c	1025	632	42.0	0.0	0.0	0.0	0.0	0.0	1.0	0.0	0.0	0.0	active
2016-02-20	25753-68a3e5516d7a7dc21fbe0e7ee13bfc1c	1025	632	42.0	0.0	0.0	0.0	0.0	0.0	0.0	0.0	0.0	0.0	active
2016-02-21	25753-68a3e5516d7a7dc21fbe0e7ee13bfc1c	1025	632	42.0	0.0	0.0	0.0	0.0	0.0	1.0	0.0	0.0	0.0	active
2016-02-22	25753-68a3e5516d7a7dc21fbe0e7ee13bfc1c	1025	632	42.0	0.0	0.0	0.0	0.0	0.0	0.0	0.0	0.0	0.0	active
2016-02-23	25753-68a3e5516d7a7dc21fbe0e7ee13bfc1c	1025	632	42.0	0.0	0.0	0.0	1.0	1.0	0.0	0.0	0.0	0.0	active
2016-02-24	25753-68a3e5516d7a7dc21fbe0e7ee13bfc1c	1025	632	42.0	0.0	0.0	0.0	0.0	0.0	0.0	0.0	0.0	0.0	active
2016-02-25	25753-68a3e5516d7a7dc21fbe0e7ee13bfc1c	1025	632	42.0	0.0	0.0	0.0	0.0	0.0	0.0	0.0	0.0	0.0	active
2016-02-26	25753-68a3e5516d7a7dc21fbe0e7ee13bfc1c	1025	632	42.0	0.0	0.0	0.0	0.0	0.0	0.0	0.0	0.0	0.0	active
2016-02-27	25753-68a3e5516d7a7dc21fbe0e7ee13bfc1c	1025	632	42.0	0.0	0.0	0.0	0.0	0.0	0.0	0.0	0.0	0.0	active
2016-02-28	25753-68a3e5516d7a7dc21fbe0e7ee13bfc1c	1025	632	42.0	0.0	0.0	0.0	0.0	0.0	0.0	0.0	0.0	0.0	active
2016-02-29	25753-68a3e5516d7a7dc21fbe0e7ee13bfc1c	1025	632	42.0	0.0	0.0	0.0	0.0	0.0	0.0	0.0	0.0	0.0	active
2016-03-01	25753-68a3e5516d7a7dc21fbe0e7ee13bfc1c	1025	632	42.0	0.0	0.0	0.0	0.0	0.0	0.0	0.0	0.0	0.0	active
2016-03-02	25753-68a3e5516d7a7dc21fbe0e7ee13bfc1c	1025	632	42.0	0.0	0.0	0.0	0.0	0.0	0.0	0.0	0.0	0.0	active
2016-03-03	25753-68a3e5516d7a7dc21fbe0e7ee13bfc1c	1025	632	42.0	0.0	0.0	0.0	0.0	0.0	0.0	0.0	0.0	0.0	active
2016-03-04	25753-68a3e5516d7a7dc21fbe0e7ee13bfc1c	1025	632	42.0	0.0	0.0	0.0	0.0	0.0	0.0	0.0	0.0	0.0	active
2016-03-05	25753-68a3e5516d7a7dc21fbe0e7ee13bfc1c	1025	632	42.0	0.0	0.0	0.0	0.0	0.0	0.0	0.0	0.0	0.0	active
2016-03-06	25753-68a3e5516d7a7dc21fbe0e7ee13bfc1c	1025	632	42.0	0.0	0.0	0.0	0.0	0.0	0.0	0.0	0.0	0.0	active
2016-03-07	25753-68a3e5516d7a7dc21fbe0e7ee13bfc1c	1025	632	42.0	0.0	0.0	0.0	0.0	0.0	0.0	0.0	0.0	0.0	active
2016-03-08	25753-68a3e5516d7a7dc21fbe0e7ee13bfc1c	1025	632	42.0	0.0	0.0	0.0	0.0	0.0	0.0	0.0	0.0	0.0	active
2016-03-09	25753-68a3e5516d7a7dc21fbe0e7ee13bfc1c	1025	632	42.0	0.0	0.0	0.0	0.0	0.0	24.0	178.0	155.0	325.0	active
2016-03-10	25753-68a3e5516d7a7dc21fbe0e7ee13bfc1c	1025	632	42.0	0.0	0.0	0.0	0.0	0.0	36.0	231.0	193.0	366.0	active
2016-03-11	25753-68a3e5516d7a7dc21fbe0e7ee13bfc1c	1025	632	42.0	0.0	0.0	0.0	4.0	4.75	26.0	180.0	162.0	306.0	active
2016-03-12	25753-68a3e5516d7a7dc21fbe0e7ee13bfc1c	1025	632	42.0	0.0	0.0	0.0	8.0	4.5	26.0	152.0	138.0	281.0	active
2016-03-13	25753-68a3e5516d7a7dc21fbe0e7ee13bfc1c	1025	632	42.0	0.0	0.0	0.0	10.0	5.0	35.0	133.0	111.0	214.0	active
2016-03-14	25753-68a3e5516d7a7dc21fbe0e7ee13bfc1c	1025	632	42.0	0.0	0.0	0.0	24.0	4.75	30.0	152.0	139.0	279.0	active
2016-03-15	25753-68a3e5516d7a7dc21fbe0e7ee13bfc1c	1025	632	42.0	0.0	0.0	0.0	16.0	5.0	23.0	166.0	147.0	290.0	active
2016-03-16	25753-68a3e5516d7a7dc21fbe0e7ee13bfc1c	1025	632	42.0	0.0	0.0	0.0	16.0	5.0	36.0	126.0	106.0	185.0	active
2016-03-17	25753-68a3e5516d7a7dc21fbe0e7ee13bfc1c	1025	632	42.0	0.0	0.0	0.0	11.0	5.0	16.0	148.0	127.0	224.0	active
2016-03-18	25753-68a3e5516d7a7dc21fbe0e7ee13bfc1c	1025	632	42.0	0.0	0.0	0.0	15.0	4.733333333333333	21.0	141.0	125.0	216.0	active
2016-03-19	25753-68a3e5516d7a7dc21fbe0e7ee13bfc1c	1025	632	42.0	0.0	0.0	0.0	18.0	4.833333333333333	22.0	136.0	122.0	298.0	active
2016-03-20	25753-68a3e5516d7a7dc21fbe0e7ee13bfc1c	1025	632	42.0	0.0	0.0	0.0	10.0	5.0	23.0	152.0	135.0	330.0	active
2016-03-21	25753-68a3e5516d7a7dc21fbe0e7ee13bfc1c	1025	632	42.0	0.0	0.0	0.0	19.0	4.894736842105263	25.0	163.0	143.0	346.0	active
2016-03-22	25753-68a3e5516d7a7dc21fbe0e7ee13bfc1c	1025	632	42.0	0.0	0.0	0.0	15.0	4.733333333333333	24.0	143.0	131.0	314.0	active
2016-03-23	25753-68a3e5516d7a7dc21fbe0e7ee13bfc1c	1025	632	42.0	0.0	0.0	0.0	16.0	5.0	25.0	200.0	178.0	380.0	active
2016-03-24	25753-68a3e5516d7a7dc21fbe0e7ee13bfc1c	1025	632	42.0	0.0	0.0	0.0	25.0	4.88	47.0	214.0	188.0	438.0	active
2016-03-25	25753-68a3e5516d7a7dc21fbe0e7ee13bfc1c	1025	632	42.0	0.0	0.0	0.0	16.0	5.0	10.0	98.0	88.0	244.0	active
2016-03-26	25753-68a3e5516d7a7dc21fbe0e7ee13bfc1c	1025	632	42.0	0.0	0.0	0.0	26.0	5.0	0.0	0.0	0.0	0.0	active
2016-03-27	25753-68a3e5516d7a7dc21fbe0e7ee13bfc1c	1025	632	42.0	0.0	0.0	0.0	19.0	4.947368421052632	0.0	0.0	0.0	0.0	active
2016-03-28	25753-68a3e5516d7a7dc21fbe0e7ee13bfc1c	1025	632	42.0	0.0	0.0	0.0	19.0	5.0	0.0	0.0	0.0	0.0	active
2016-03-29	25753-68a3e5516d7a7dc21fbe0e7ee13bfc1c	1025	632	42.0	0.0	0.0	0.0	11.0	5.0	0.0	0.0	0.0	0.0	active
2016-03-30	25753-68a3e5516d7a7dc21fbe0e7ee13bfc1c	1025	632	42.0	0.0	0.0	0.0	14.0	4.928571428571429	0.0	0.0	0.0	0.0	active
2016-03-31	25753-68a3e5516d7a7dc21fbe0e7ee13bfc1c	1025	632	42.0	0.0	0.0	0.0	19.0	4.947368421052632	14.0	86.0	80.0	311.0	active
2016-04-01	25753-68a3e5516d7a7dc21fbe0e7ee13bfc1c	1025	632	42.0	0.0	0.0	0.0	8.0	4.625	17.0	172.0	163.0	597.0	active
2016-04-02	25753-68a3e5516d7a7dc21fbe0e7ee13bfc1c	1025	632	42.0	0.0	0.0	0.0	12.0	4.916666666666667	23.0	93.0	84.0	172.0	active
2016-04-03	25753-68a3e5516d7a7dc21fbe0e7ee13bfc1c	1025	632	42.0	0.0	0.0	0.0	9.0	5.0	28.0	124.0	112.0	201.0	active
2016-04-04	25753-68a3e5516d7a7dc21fbe0e7ee13bfc1c	1025	632	42.0	0.0	0.0	0.0	15.0	4.866666666666666	56.0	178.0	156.0	298.0	active
2016-04-05	25753-68a3e5516d7a7dc21fbe0e7ee13bfc1c	1025	632	42.0	0.0	0.0	0.0	21.0	4.857142857142857	40.0	233.0	203.0	355.0	active
2016-04-06	25753-68a3e5516d7a7dc21fbe0e7ee13bfc1c	1025	632	42.0	0.0	0.0	0.0	20.0	4.8	52.0	270.0	223.0	399.0	active
2016-04-07	25753-68a3e5516d7a7dc21fbe0e7ee13bfc1c	1025	632	42.0	0.0	0.0	0.0	30.0	4.933333333333334	48.0	251.0	212.0	344.0	active
2016-04-08	25753-68a3e5516d7a7dc21fbe0e7ee13bfc1c	1025	632	42.0	0.0	0.0	0.0	20.0	4.9	25.0	67.0	52.0	101.0	active
2016-04-09	25753-68a3e5516d7a7dc21fbe0e7ee13bfc1c	1025	632	42.0	0.0	0.0	0.0	25.0	4.64	53.0	74.0	67.0	127.0	active
2016-04-10	25753-68a3e5516d7a7dc21fbe0e7ee13bfc1c	1025	632	42.0	0.0	0.0	0.0	18.0	5.0	18.0	85.0	78.0	136.0	active
2016-04-11	25753-68a3e5516d7a7dc21fbe0e7ee13bfc1c	1025	632	42.0	0.0	0.0	0.0	19.0	4.526315789473684	16.0	68.0	60.0	96.0	active
2016-04-12	25753-68a3e5516d7a7dc21fbe0e7ee13bfc1c	1025	632	42.0	0.0	0.0	0.0	17.0	4.764705882352941	15.0	68.0	60.0	89.0	active
2016-04-13	25753-68a3e5516d7a7dc21fbe0e7ee13bfc1c	1025	632	42.0	0.0	0.0	0.0	22.0	5.0	30.0	80.0	70.0	125.0	active
2016-04-14	25753-68a3e5516d7a7dc21fbe0e7ee13bfc1c	1025	632	42.0	0.0	0.0	0.0	12.0	5.0	25.0	64.0	53.0	85.0	active
2016-04-15	25753-68a3e5516d7a7dc21fbe0e7ee13bfc1c	1025	632	42.0	0.0	0.0	0.0	13.0	5.0	20.0	69.0	54.0	93.0	active
2016-04-16	25753-68a3e5516d7a7dc21fbe0e7ee13bfc1c	1025	632	42.0	0.0	0.0	0.0	10.0	4.7	26.0	115.0	98.0	168.0	active
2016-04-17	25753-68a3e5516d7a7dc21fbe0e7ee13bfc1c	1025	632	42.0	0.0	0.0	0.0	14.0	4.571428571428571	31.0	121.0	104.0	184.0	active
2016-04-18	25753-68a3e5516d7a7dc21fbe0e7ee13bfc1c	1025	632	42.0	0.0	0.0	0.0	17.0	4.882352941176471	25.0	129.0	109.0	214.0	active
2016-04-19	25753-68a3e5516d7a7dc21fbe0e7ee13bfc1c	1025	632	42.0	0.0	0.0	0.0	15.0	4.733333333333333	41.0	150.0	123.0	200.0	active
2016-04-20	25753-68a3e5516d7a7dc21fbe0e7ee13bfc1c	1025	632	42.0	0.0	0.0	0.0	20.0	5.0	27.0	182.0	85.0	192.0	active
2016-04-21	25753-68a3e5516d7a7dc21fbe0e7ee13bfc1c	1025	632	42.0	0.0	0.0	0.0	20.0	4.75	2.0	1.0	1.0	1.0	active
2016-04-22	25753-68a3e5516d7a7dc21fbe0e7ee13bfc1c	1025	632	42.0	0.0	0.0	0.0	14.0	5.0	0.0	0.0	0.0	0.0	active
2016-04-23	25753-68a3e5516d7a7dc21fbe0e7ee13bfc1c	1025	632	42.0	0.0	0.0	0.0	13.0	5.0	0.0	0.0	0.0	0.0	active
2016-04-24	25753-68a3e5516d7a7dc21fbe0e7ee13bfc1c	1025	632	42.0	0.0	0.0	0.0	12.0	4.916666666666667	0.0	0.0	0.0	0.0	active
2016-04-25	25753-68a3e5516d7a7dc21fbe0e7ee13bfc1c	1025	632	42.0	0.0	0.0	0.0	17.0	5.0	0.0	0.0	0.0	0.0	active
2016-04-26	25753-68a3e5516d7a7dc21fbe0e7ee13bfc1c	1025	632	42.0	0.0	0.0	0.0	9.0	4.666666666666667	0.0	0.0	0.0	0.0	active
2016-04-27	25753-68a3e5516d7a7dc21fbe0e7ee13bfc1c	1025	632	42.0	0.0	0.0	0.0	13.0	5.0	0.0	0.0	0.0	0.0	active
2016-04-28	25753-68a3e5516d7a7dc21fbe0e7ee13bfc1c	1025	632	42.0	0.0	0.0	0.0	11.0	5.0	0.0	0.0	0.0	0.0	active
2016-04-29	25753-68a3e5516d7a7dc21fbe0e7ee13bfc1c	1025	632	42.0	0.0	0.0	0.0	5.0	5.0	0.0	0.0	0.0	0.0	active
2016-04-30	25753-68a3e5516d7a7dc21fbe0e7ee13bfc1c	1025	632	42.0	0.0	0.0	0.0	4.0	5.0	0.0	0.0	0.0	0.0	active
2016-05-01	25753-68a3e5516d7a7dc21fbe0e7ee13bfc1c	1025	632	42.0	0.0	0.0	0.0	7.0	5.0	0.0	0.0	0.0	0.0	active
2016-05-02	25753-68a3e5516d7a7dc21fbe0e7ee13bfc1c	1025	632	42.0	0.0	0.0	0.0	5.0	5.0	0.0	0.0	0.0	0.0	active
2016-05-03	25753-68a3e5516d7a7dc21fbe0e7ee13bfc1c	1025	632	42.0	0.0	0.0	0.0	6.0	5.0	0.0	0.0	0.0	0.0	active
2016-05-04	25753-68a3e5516d7a7dc21fbe0e7ee13bfc1c	1025	632	42.0	0.0	0.0	0.0	9.0	4.555555555555555	0.0	0.0	0.0	0.0	active
2016-05-05	25753-68a3e5516d7a7dc21fbe0e7ee13bfc1c	1025	632	42.0	0.0	0.0	0.0	18.0	3.888888888888889	8.0	31.0	30.0	60.0	active
2016-05-06	25753-68a3e5516d7a7dc21fbe0e7ee13bfc1c	1025	632	42.0	0.0	0.0	0.0	7.0	5.0	41.0	134.0	118.0	199.0	active
2016-05-07	25753-68a3e5516d7a7dc21fbe0e7ee13bfc1c	1025	632	42.0	0.0	0.0	0.0	8.0	5.0	32.0	146.0	117.0	199.0	active
2016-05-08	25753-68a3e5516d7a7dc21fbe0e7ee13bfc1c	1025	632	42.0	0.0	0.0	0.0	5.0	5.0	24.0	159.0	138.0	225.0	active
2016-05-09	25753-68a3e5516d7a7dc21fbe0e7ee13bfc1c	1025	632	42.0	0.0	0.0	0.0	11.0	4.818181818181818	49.0	169.0	151.0	482.0	active
2016-05-10	25753-68a3e5516d7a7dc21fbe0e7ee13bfc1c	1025	632	42.0	0.0	0.0	0.0	13.0	5.0	56.0	278.0	245.0	646.0	active
2016-05-11	25753-68a3e5516d7a7dc21fbe0e7ee13bfc1c	1025	632	42.0	0.0	0.0	0.0	17.0	4.823529411764706	131.0	257.0	233.0	703.0	active
2016-05-12	25753-68a3e5516d7a7dc21fbe0e7ee13bfc1c	1025	632	42.0	0.0	0.0	0.0	14.0	4.714285714285714	70.0	337.0	301.0	1142.0	active
2016-05-13	25753-68a3e5516d7a7dc21fbe0e7ee13bfc1c	1025	632	42.0	0.0	0.0	0.0	11.0	4.818181818181818	57.0	167.0	136.0	290.0	active
2016-05-14	25753-68a3e5516d7a7dc21fbe0e7ee13bfc1c	1025	632	42.0	0.0	0.0	0.0	12.0	4.833333333333333	112.0	152.0	130.0	363.0	active
2016-05-15	25753-68a3e5516d7a7dc21fbe0e7ee13bfc1c	1025	632	42.0	0.0	0.0	0.0	17.0	5.0	86.0	176.0	154.0	448.0	active
2016-05-16	25753-68a3e5516d7a7dc21fbe0e7ee13bfc1c	1025	632	42.0	0.0	0.0	0.0	20.0	5.0	81.0	184.0	151.0	375.0	active
2016-05-17	25753-68a3e5516d7a7dc21fbe0e7ee13bfc1c	1025	632	42.0	0.0	0.0	0.0	16.0	4.9375	80.0	216.0	163.0	337.0	active
2016-05-18	25753-68a3e5516d7a7dc21fbe0e7ee13bfc1c	1025	632	42.0	0.0	0.0	0.0	16.0	5.0	3.0	15.0	13.0	21.0	active
2016-05-19	25753-68a3e5516d7a7dc21fbe0e7ee13bfc1c	1025	632	42.0	0.0	0.0	0.0	29.0	4.689655172413793	0.0	0.0	0.0	0.0	active
2016-05-20	25753-68a3e5516d7a7dc21fbe0e7ee13bfc1c	1025	632	42.0	0.0	0.0	0.0	24.0	4.916666666666667	15.0	35.0	27.0	56.0	active
2016-05-21	25753-68a3e5516d7a7dc21fbe0e7ee13bfc1c	1025	632	42.0	0.0	0.0	0.0	12.0	4.75	0.0	3.0	3.0	4.0	active
2016-05-22	25753-68a3e5516d7a7dc21fbe0e7ee13bfc1c	1025	632	42.0	0.0	0.0	0.0	20.0	4.95	0.0	0.0	0.0	0.0	active
2016-05-23	25753-68a3e5516d7a7dc21fbe0e7ee13bfc1c	1025	632	42.0	0.0	0.0	0.0	17.0	5.0	0.0	0.0	0.0	0.0	active
2016-05-24	25753-68a3e5516d7a7dc21fbe0e7ee13bfc1c	1025	632	42.0	0.0	0.0	0.0	9.0	4.555555555555555	0.0	0.0	0.0	0.0	active
2016-05-25	25753-68a3e5516d7a7dc21fbe0e7ee13bfc1c	1025	632	42.0	0.0	0.0	0.0	19.0	5.0	0.0	0.0	0.0	0.0	active
2016-05-26	25753-68a3e5516d7a7dc21fbe0e7ee13bfc1c	1025	632	42.0	0.0	0.0	0.0	10.0	5.0	0.0	0.0	0.0	0.0	active
2016-05-27	25753-68a3e5516d7a7dc21fbe0e7ee13bfc1c	1025	632	42.0	0.0	0.0	0.0	8.0	5.0	0.0	0.0	0.0	0.0	active
2016-05-28	25753-68a3e5516d7a7dc21fbe0e7ee13bfc1c	1025	632	42.0	0.0	0.0	0.0	9.0	5.0	0.0	0.0	0.0	0.0	active
2016-05-29	25753-68a3e5516d7a7dc21fbe0e7ee13bfc1c	1025	632	42.0	0.0	0.0	0.0	4.0	4.75	0.0	0.0	0.0	0.0	active
2016-05-30	25753-68a3e5516d7a7dc21fbe0e7ee13bfc1c	1025	632	42.0	0.0	0.0	0.0	4.0	5.0	1.0	0.0	0.0	0.0	active
2016-05-31	25753-68a3e5516d7a7dc21fbe0e7ee13bfc1c	1025	632	42.0	0.0	0.0	0.0	4.0	5.0	0.0	0.0	0.0	0.0	active
2016-06-01	25753-68a3e5516d7a7dc21fbe0e7ee13bfc1c	1025	632	42.0	0.0	0.0	0.0	8.0	5.0	0.0	0.0	0.0	0.0	active
2016-06-02	25753-68a3e5516d7a7dc21fbe0e7ee13bfc1c	1025	632	42.0	0.0	0.0	0.0	6.0	5.0	0.0	0.0	0.0	0.0	active
2016-06-03	25753-68a3e5516d7a7dc21fbe0e7ee13bfc1c	1025	632	42.0	0.0	0.0	0.0	10.0	5.0	0.0	0.0	0.0	0.0	active
2016-06-04	25753-68a3e5516d7a7dc21fbe0e7ee13bfc1c	1025	632	42.0	0.0	0.0	0.0	9.0	5.0	0.0	0.0	0.0	0.0	active
2016-06-05	25753-68a3e5516d7a7dc21fbe0e7ee13bfc1c	1025	632	42.0	0.0	0.0	0.0	6.0	5.0	0.0	0.0	0.0	0.0	active
2016-06-06	25753-68a3e5516d7a7dc21fbe0e7ee13bfc1c	1025	632	42.0	0.0	0.0	0.0	7.0	5.0	47.0	176.0	120.0	461.0	active
2016-06-07	25753-68a3e5516d7a7dc21fbe0e7ee13bfc1c	1025	632	42.0	0.0	0.0	0.0	5.0	4.8	58.0	212.0	171.0	523.0	active
2016-06-08	25753-68a3e5516d7a7dc21fbe0e7ee13bfc1c	1025	632	42.0	0.0	0.0	0.0	9.0	5.0	28.0	247.0	225.0	1059.0	active
2016-06-09	25753-68a3e5516d7a7dc21fbe0e7ee13bfc1c	1025	632	42.0	0.0	0.0	0.0	7.0	5.0	118.0	316.0	262.0	1304.0	active
2016-06-10	25753-68a3e5516d7a7dc21fbe0e7ee13bfc1c	1025	632	42.0	0.0	0.0	0.0	9.0	5.0	196.0	316.0	214.0	824.0	active
2016-06-11	25753-68a3e5516d7a7dc21fbe0e7ee13bfc1c	1025	632	42.0	0.0	0.0	0.0	14.0	5.0	72.0	191.0	178.0	861.0	active
2016-06-12	25753-68a3e5516d7a7dc21fbe0e7ee13bfc1c	1025	632	42.0	0.0	0.0	0.0	13.0	5.0	2.0	5.0	3.0	4.0	active
2016-06-13	25753-68a3e5516d7a7dc21fbe0e7ee13bfc1c	1025	632	42.0	0.0	0.0	0.0	13.0	4.538461538461538	0.0	0.0	0.0	0.0	active
2016-06-14	25753-68a3e5516d7a7dc21fbe0e7ee13bfc1c	1025	632	42.0	0.0	0.0	0.0	19.0	5.0	15.0	212.0	106.0	352.0	active
2016-06-15	25753-68a3e5516d7a7dc21fbe0e7ee13bfc1c	1025	632	42.0	0.0	0.0	0.0	9.0	5.0	70.0	238.0	213.0	901.0	active
2016-06-16	25753-68a3e5516d7a7dc21fbe0e7ee13bfc1c	1025	632	42.0	0.0	0.0	0.0	12.0	4.916666666666667	45.0	189.0	173.0	676.0	active
2016-06-17	25753-68a3e5516d7a7dc21fbe0e7ee13bfc1c	1025	632	42.0	0.0	0.0	0.0	4.0	5.0	73.0	211.0	129.0	408.0	active
2016-06-18	25753-68a3e5516d7a7dc21fbe0e7ee13bfc1c	1025	632	42.0	0.0	0.0	0.0	6.0	4.166666666666667	119.0	716.0	553.0	1052.0	active
2016-06-19	25753-68a3e5516d7a7dc21fbe0e7ee13bfc1c	1025	632	42.0	0.0	0.0	0.0	3.0	5.0	61.0	345.0	255.0	405.0	active
2016-06-20	25753-68a3e5516d7a7dc21fbe0e7ee13bfc1c	1025	632	42.0	0.0	0.0	0.0	26.0	4.961538461538462	71.0	405.0	287.0	544.0	active
2016-06-21	25753-68a3e5516d7a7dc21fbe0e7ee13bfc1c	1025	632	42.0	0.0	0.0	0.0	24.0	4.916666666666667	37.0	175.0	109.0	191.0	active
2016-06-22	25753-68a3e5516d7a7dc21fbe0e7ee13bfc1c	1025	632	42.0	0.0	0.0	0.0	23.0	4.869565217391305	20.0	142.0	106.0	210.0	active
2016-06-23	25753-68a3e5516d7a7dc21fbe0e7ee13bfc1c	1025	632	42.0	0.0	0.0	0.0	32.0	4.90625	22.0	136.0	97.0	174.0	active
2016-06-24	25753-68a3e5516d7a7dc21fbe0e7ee13bfc1c	1025	632	42.0	0.0	0.0	0.0	21.0	5.0	42.0	172.0	137.0	398.0	active
2016-06-25	25753-68a3e5516d7a7dc21fbe0e7ee13bfc1c	1025	632	42.0	0.0	0.0	0.0	27.0	5.0	35.0	190.0	147.0	504.0	active
2016-06-26	25753-68a3e5516d7a7dc21fbe0e7ee13bfc1c	1025	632	42.0	0.0	0.0	0.0	21.0	5.0	29.0	275.0	260.0	1179.0	active
2016-06-27	25753-68a3e5516d7a7dc21fbe0e7ee13bfc1c	1025	632	42.0	0.0	0.0	0.0	24.0	5.0	39.0	172.0	160.0	322.0	active
2016-06-28	25753-68a3e5516d7a7dc21fbe0e7ee13bfc1c	1025	632	42.0	0.0	0.0	0.0	20.0	5.0	42.0	187.0	170.0	492.0	active
2016-06-29	25753-68a3e5516d7a7dc21fbe0e7ee13bfc1c	1025	632	42.0	0.0	0.0	0.0	20.0	5.0	34.0	198.0	149.0	365.0	active
2016-06-30	25753-68a3e5516d7a7dc21fbe0e7ee13bfc1c	1025	632	42.0	0.0	0.0	0.0	18.0	5.0	57.0	258.0	193.0	374.0	active
2016-07-01	25753-68a3e5516d7a7dc21fbe0e7ee13bfc1c	1025	632	42.0	0.0	0.0	0.0	28.0	4.857142857142857	43.0	196.0	129.0	286.0	active
2016-07-02	25753-68a3e5516d7a7dc21fbe0e7ee13bfc1c	1025	632	42.0	0.0	0.0	0.0	20.0	4.85	51.0	183.0	141.0	294.0	active
2016-07-03	25753-68a3e5516d7a7dc21fbe0e7ee13bfc1c	1025	632	42.0	0.0	0.0	0.0	15.0	4.866666666666666	40.0	203.0	132.0	257.0	active
2016-07-04	25753-68a3e5516d7a7dc21fbe0e7ee13bfc1c	1025	632	42.0	0.0	0.0	0.0	23.0	4.826086956521739	34.0	230.0	143.0	298.0	active
2016-07-05	25753-68a3e5516d7a7dc21fbe0e7ee13bfc1c	1025	632	42.0	0.0	0.0	0.0	21.0	4.904761904761905	28.0	155.0	126.0	339.0	active
2016-07-06	25753-68a3e5516d7a7dc21fbe0e7ee13bfc1c	1025	632	42.0	0.0	0.0	0.0	16.0	5.0	28.0	139.0	122.0	491.0	active
2016-07-07	25753-68a3e5516d7a7dc21fbe0e7ee13bfc1c	1025	632	42.0	0.0	0.0	0.0	17.0	5.0	57.0	315.0	283.0	1131.0	active
2016-07-08	25753-68a3e5516d7a7dc21fbe0e7ee13bfc1c	1025	632	42.0	0.0	0.0	0.0	20.0	5.0	83.0	252.0	226.0	548.0	active
2016-07-09	25753-68a3e5516d7a7dc21fbe0e7ee13bfc1c	1025	632	42.0	0.0	0.0	0.0	16.0	4.75	30.0	193.0	144.0	345.0	active
2016-07-10	25753-68a3e5516d7a7dc21fbe0e7ee13bfc1c	1025	632	42.0	0.0	0.0	0.0	16.0	5.0	31.0	233.0	182.0	423.0	active
2016-07-11	25753-68a3e5516d7a7dc21fbe0e7ee13bfc1c	1025	632	42.0	0.0	0.0	0.0	25.0	4.68	36.0	217.0	174.0	359.0	active
2016-07-12	25753-68a3e5516d7a7dc21fbe0e7ee13bfc1c	1025	632	42.0	0.0	0.0	0.0	25.0	4.8	37.0	186.0	147.0	320.0	active
2016-07-13	25753-68a3e5516d7a7dc21fbe0e7ee13bfc1c	1025	632	42.0	0.0	0.0	0.0	24.0	5.0	65.0	178.0	152.0	293.0	active
2016-07-14	25753-68a3e5516d7a7dc21fbe0e7ee13bfc1c	1025	632	42.0	0.0	0.0	0.0	18.0	5.0	48.0	189.0	172.0	360.0	active
2016-07-15	25753-68a3e5516d7a7dc21fbe0e7ee13bfc1c	1025	632	42.0	0.0	0.0	0.0	25.0	4.96	18.0	178.0	132.0	318.0	active
2016-07-16	25753-68a3e5516d7a7dc21fbe0e7ee13bfc1c	1025	632	42.0	0.0	0.0	0.0	20.0	4.8	45.0	188.0	146.0	313.0	active
2016-07-17	25753-68a3e5516d7a7dc21fbe0e7ee13bfc1c	1025	632	42.0	0.0	0.0	0.0	16.0	5.0	44.0	232.0	187.0	376.0	active
2016-07-18	25753-68a3e5516d7a7dc21fbe0e7ee13bfc1c	1025	632	42.0	0.0	0.0	0.0	24.0	4.916666666666667	51.0	211.0	170.0	385.0	active
2016-07-19	25753-68a3e5516d7a7dc21fbe0e7ee13bfc1c	1025	632	42.0	0.0	0.0	0.0	26.0	5.0	35.0	394.0	193.0	460.0	active
2016-07-20	25753-68a3e5516d7a7dc21fbe0e7ee13bfc1c	1025	632	42.0	0.0	0.0	0.0	22.0	5.0	67.0	461.0	359.0	1099.0	active
2016-07-21	25753-68a3e5516d7a7dc21fbe0e7ee13bfc1c	1025	632	42.0	0.0	0.0	0.0	25.0	4.92	84.0	511.0	472.0	1992.0	active
2016-07-22	25753-68a3e5516d7a7dc21fbe0e7ee13bfc1c	1025	632	42.0	0.0	0.0	0.0	26.0	4.846153846153846	44.0	451.0	428.0	1827.0	active
2016-07-23	25753-68a3e5516d7a7dc21fbe0e7ee13bfc1c	1025	632	42.0	0.0	0.0	0.0	43.0	4.976744186046512	52.0	222.0	157.0	294.0	active
2016-07-24	25753-68a3e5516d7a7dc21fbe0e7ee13bfc1c	1025	632	42.0	0.0	0.0	0.0	30.0	5.0	60.0	199.0	173.0	378.0	active
2016-07-25	25753-68a3e5516d7a7dc21fbe0e7ee13bfc1c	1025	632	42.0	0.0	0.0	0.0	27.0	4.925925925925926	53.0	211.0	172.0	356.0	active
2016-07-26	25753-68a3e5516d7a7dc21fbe0e7ee13bfc1c	1025	632	42.0	0.0	0.0	0.0	40.0	4.775	52.0	238.0	197.0	447.0	active
2016-07-27	25753-68a3e5516d7a7dc21fbe0e7ee13bfc1c	1025	632	42.0	0.0	0.0	0.0	37.0	5.0	67.0	314.0	240.0	601.0	active
2016-07-28	25753-68a3e5516d7a7dc21fbe0e7ee13bfc1c	1025	632	42.0	0.0	0.0	0.0	44.0	4.7727272727272725	106.0	285.0	257.0	507.0	active
2016-07-29	25753-68a3e5516d7a7dc21fbe0e7ee13bfc1c	1025	632	42.0	0.0	0.0	0.0	36.0	4.972222222222222	57.0	296.0	255.0	516.0	active
2016-07-30	25753-68a3e5516d7a7dc21fbe0e7ee13bfc1c	1025	632	42.0	0.0	0.0	0.0	28.0	4.964285714285714	49.0	189.0	167.0	354.0	active
2016-07-31	25753-68a3e5516d7a7dc21fbe0e7ee13bfc1c	1025	632	42.0	0.0	0.0	0.0	28.0	5.0	65.0	166.0	148.0	289.0	active
2016-08-01	25753-68a3e5516d7a7dc21fbe0e7ee13bfc1c	1025	632	42.0	0.0	0.0	0.0	41.0	4.902439024390244	63.0	168.0	156.0	282.0	active
2016-08-02	25753-68a3e5516d7a7dc21fbe0e7ee13bfc1c	1025	632	42.0	0.0	0.0	0.0	34.0	4.735294117647059	71.0	196.0	181.0	359.0	active
2016-08-03	25753-68a3e5516d7a7dc21fbe0e7ee13bfc1c	1025	632	42.0	0.0	0.0	0.0	32.0	4.90625	50.0	189.0	173.0	310.0	active
2016-08-04	25753-68a3e5516d7a7dc21fbe0e7ee13bfc1c	1025	632	42.0	0.0	0.0	0.0	39.0	4.871794871794871	70.0	205.0	181.0	340.0	active
2016-08-05	25753-68a3e5516d7a7dc21fbe0e7ee13bfc1c	1025	632	42.0	0.0	0.0	0.0	30.0	4.966666666666667	42.0	193.0	175.0	330.0	active
2016-08-06	25753-68a3e5516d7a7dc21fbe0e7ee13bfc1c	1025	632	42.0	0.0	0.0	0.0	32.0	4.96875	44.0	227.0	199.0	397.0	active
2016-08-07	25753-68a3e5516d7a7dc21fbe0e7ee13bfc1c	1025	632	42.0	0.0	0.0	0.0	27.0	4.703703703703703	66.0	174.0	159.0	302.0	active
2016-08-08	25753-68a3e5516d7a7dc21fbe0e7ee13bfc1c	1025	632	42.0	0.0	0.0	0.0	35.0	5.0	59.0	217.0	196.0	324.0	active
2016-08-09	25753-68a3e5516d7a7dc21fbe0e7ee13bfc1c	1025	632	42.0	0.0	0.0	0.0	43.0	4.883720930232558	77.0	249.0	221.0	401.0	active
2016-08-10	25753-68a3e5516d7a7dc21fbe0e7ee13bfc1c	1025	632	42.0	0.0	0.0	0.0	36.0	4.888888888888889	52.0	211.0	178.0	338.0	active
2016-08-11	25753-68a3e5516d7a7dc21fbe0e7ee13bfc1c	1025	632	42.0	0.0	0.0	0.0	39.0	4.9743589743589745	58.0	215.0	191.0	343.0	active
2016-08-12	25753-68a3e5516d7a7dc21fbe0e7ee13bfc1c	1025	632	42.0	0.0	0.0	0.0	46.0	4.826086956521739	66.0	192.0	173.0	317.0	active
2016-08-13	25753-68a3e5516d7a7dc21fbe0e7ee13bfc1c	1025	632	42.0	0.0	0.0	0.0	27.0	4.888888888888889	44.0	166.0	160.0	308.0	active
2016-08-14	25753-68a3e5516d7a7dc21fbe0e7ee13bfc1c	1025	632	42.0	0.0	0.0	0.0	30.0	5.0	70.0	178.0	158.0	297.0	active
2016-08-15	25753-68a3e5516d7a7dc21fbe0e7ee13bfc1c	1025	632	42.0	0.0	0.0	0.0	27.0	4.925925925925926	60.0	179.0	162.0	276.0	active
2016-08-16	25753-68a3e5516d7a7dc21fbe0e7ee13bfc1c	1025	632	42.0	0.0	0.0	0.0	48.0	5.0	101.0	429.0	310.0	595.0	active
2016-08-17	25753-68a3e5516d7a7dc21fbe0e7ee13bfc1c	1025	632	42.0	0.0	0.0	0.0	47.0	4.9787234042553195	96.0	414.0	300.0	618.0	active
2016-08-18	25753-68a3e5516d7a7dc21fbe0e7ee13bfc1c	1025	632	42.0	0.0	0.0	0.0	58.0	4.982758620689655	125.0	600.0	474.0	910.0	active
2016-08-19	25753-68a3e5516d7a7dc21fbe0e7ee13bfc1c	1025	632	42.0	0.0	0.0	0.0	63.0	5.0	44.0	343.0	230.0	607.0	active
2016-08-20	25753-68a3e5516d7a7dc21fbe0e7ee13bfc1c	1025	632	42.0	0.0	0.0	0.0	25.0	5.0	59.0	290.0	188.0	425.0	active
2016-08-21	25753-68a3e5516d7a7dc21fbe0e7ee13bfc1c	1025	632	42.0	0.0	0.0	0.0	34.0	4.970588235294118	53.0	251.0	202.0	438.0	active
2016-08-22	25753-68a3e5516d7a7dc21fbe0e7ee13bfc1c	1025	632	42.0	0.0	0.0	0.0	50.0	4.8	57.0	236.0	197.0	391.0	active
2016-08-23	25753-68a3e5516d7a7dc21fbe0e7ee13bfc1c	1025	632	42.0	0.0	0.0	0.0	56.0	4.910714285714286	58.0	219.0	191.0	368.0	active
2016-08-24	25753-68a3e5516d7a7dc21fbe0e7ee13bfc1c	1025	632	42.0	0.0	0.0	0.0	48.0	4.958333333333333	55.0	305.0	190.0	403.0	active
2016-08-25	25753-68a3e5516d7a7dc21fbe0e7ee13bfc1c	1025	632	42.0	0.0	0.0	0.0	31.0	4.967741935483871	53.0	240.0	180.0	964.0	active
2016-08-26	25753-68a3e5516d7a7dc21fbe0e7ee13bfc1c	1025	632	42.0	0.0	0.0	0.0	37.0	5.0	73.0	230.0	168.0	283.0	active
2016-08-27	25753-68a3e5516d7a7dc21fbe0e7ee13bfc1c	1025	632	42.0	0.0	0.0	0.0	34.0	4.882352941176471	40.0	192.0	156.0	293.0	active
2016-08-28	25753-68a3e5516d7a7dc21fbe0e7ee13bfc1c	1025	632	42.0	0.0	0.0	0.0	29.0	5.0	35.0	249.0	158.0	324.0	active
2016-08-29	25753-68a3e5516d7a7dc21fbe0e7ee13bfc1c	1025	632	42.0	0.0	0.0	0.0	35.0	4.771428571428571	58.0	316.0	200.0	421.0	active
2016-08-30	25753-68a3e5516d7a7dc21fbe0e7ee13bfc1c	1025	632	42.0	0.0	0.0	0.0	32.0	4.75	42.0	348.0	251.0	783.0	active
2016-08-31	25753-68a3e5516d7a7dc21fbe0e7ee13bfc1c	1025	632	42.0	0.0	0.0	0.0	31.0	4.838709677419355	69.0	337.0	238.0	490.0	active
2016-09-01	25753-68a3e5516d7a7dc21fbe0e7ee13bfc1c	1025	632	42.0	0.0	3013.0	1708.0	38.0	4.894736842105263	67.0	269.0	172.0	351.0	active
2016-09-02	25753-68a3e5516d7a7dc21fbe0e7ee13bfc1c	1025	632	42.0	0.0	2919.0	1614.0	34.0	4.9411764705882355	55.0	309.0	153.0	331.0	active
2016-09-03	25753-68a3e5516d7a7dc21fbe0e7ee13bfc1c	1025	632	42.0	0.0	5943.0	3968.0	37.0	4.918918918918919	86.0	291.0	227.0	595.0	active
2016-09-04	25753-68a3e5516d7a7dc21fbe0e7ee13bfc1c	1025	632	42.0	0.0	5965.0	3955.0	35.0	4.8	122.0	271.0	245.0	693.0	active
2016-09-05	25753-68a3e5516d7a7dc21fbe0e7ee13bfc1c	1025	632	42.0	0.0	3262.0	1869.0	24.0	5.0	40.0	433.0	406.0	1843.0	active
2016-09-06	25753-68a3e5516d7a7dc21fbe0e7ee13bfc1c	1025	632	42.0	0.0	3417.0	1986.0	35.0	4.742857142857143	60.0	449.0	432.0	1989.0	active
2016-09-07	25753-68a3e5516d7a7dc21fbe0e7ee13bfc1c	1025	632	42.0	0.0	3552.0	1932.0	46.0	4.934782608695652	61.0	352.0	267.0	582.0	active
2016-09-08	25753-68a3e5516d7a7dc21fbe0e7ee13bfc1c	1025	632	42.0	0.0	5118.0	2721.0	37.0	5.0	100.0	281.0	255.0	485.0	active
2016-09-09	25753-68a3e5516d7a7dc21fbe0e7ee13bfc1c	1025	632	42.0	0.0	4467.0	2303.0	34.0	5.0	83.0	301.0	267.0	468.0	active
2016-09-10	25753-68a3e5516d7a7dc21fbe0e7ee13bfc1c	1025	632	42.0	0.0	3939.0	2090.0	51.0	4.921568627450981	74.0	255.0	221.0	441.0	active
2016-09-11	25753-68a3e5516d7a7dc21fbe0e7ee13bfc1c	1025	632	42.0	0.0	3191.0	1629.0	41.0	5.0	61.0	218.0	196.0	324.0	active
2016-09-12	25753-68a3e5516d7a7dc21fbe0e7ee13bfc1c	1025	632	42.0	0.0	3160.0	1666.0	58.0	4.844827586206897	52.0	227.0	206.0	407.0	active
2016-09-13	25753-68a3e5516d7a7dc21fbe0e7ee13bfc1c	1025	632	42.0	0.0	2951.0	1573.0	77.0	4.922077922077922	59.0	191.0	170.0	307.0	active
2016-09-14	25753-68a3e5516d7a7dc21fbe0e7ee13bfc1c	1025	632	42.0	0.0	2963.0	1528.0	29.0	4.9655172413793105	44.0	200.0	183.0	304.0	active
2016-09-15	25753-68a3e5516d7a7dc21fbe0e7ee13bfc1c	1025	632	42.0	0.0	2421.0	1284.0	43.0	5.0	51.0	182.0	159.0	309.0	active
2016-09-16	25753-68a3e5516d7a7dc21fbe0e7ee13bfc1c	1025	632	42.0	0.0	3269.0	1660.0	46.0	4.891304347826087	44.0	206.0	194.0	330.0	active
2016-09-17	25753-68a3e5516d7a7dc21fbe0e7ee13bfc1c	1025	632	42.0	0.0	3382.0	1728.0	43.0	4.906976744186046	58.0	232.0	204.0	349.0	active
2016-09-18	25753-68a3e5516d7a7dc21fbe0e7ee13bfc1c	1025	632	42.0	0.0	3491.0	1858.0	46.0	4.869565217391305	45.0	255.0	226.0	411.0	active
2016-09-19	25753-68a3e5516d7a7dc21fbe0e7ee13bfc1c	1025	632	42.0	0.0	3311.0	1703.0	46.0	4.891304347826087	57.0	235.0	212.0	381.0	active
2016-09-20	25753-68a3e5516d7a7dc21fbe0e7ee13bfc1c	1025	632	42.0	0.0	3230.0	1675.0	34.0	4.9411764705882355	64.0	239.0	218.0	373.0	active
2016-09-21	25753-68a3e5516d7a7dc21fbe0e7ee13bfc1c	1025	632	42.0	0.0	3416.0	1747.0	43.0	4.8604651162790695	57.0	228.0	206.0	373.0	active
2016-09-22	25753-68a3e5516d7a7dc21fbe0e7ee13bfc1c	1025	632	42.0	0.0	3266.0	1690.0	42.0	5.0	61.0	213.0	194.0	342.0	active
2016-09-23	25753-68a3e5516d7a7dc21fbe0e7ee13bfc1c	1025	632	42.0	0.0	3161.0	1599.0	44.0	4.954545454545454	69.0	243.0	215.0	430.0	active
2016-09-24	25753-68a3e5516d7a7dc21fbe0e7ee13bfc1c	1025	632	42.0	0.0	3034.0	1669.0	43.0	5.0	86.0	202.0	183.0	429.0	active
2016-09-25	25753-68a3e5516d7a7dc21fbe0e7ee13bfc1c	1025	632	42.0	0.0	3523.0	1881.0	51.0	4.862745098039215	82.0	252.0	229.0	446.0	active
2016-09-26	25753-68a3e5516d7a7dc21fbe0e7ee13bfc1c	1025	632	42.0	0.0	3570.0	1823.0	52.0	4.980769230769231	110.0	226.0	200.0	425.0	active
2016-09-27	25753-68a3e5516d7a7dc21fbe0e7ee13bfc1c	1025	632	42.0	0.0	3887.0	2007.0	58.0	5.0	86.0	265.0	231.0	473.0	active
2016-09-28	25753-68a3e5516d7a7dc21fbe0e7ee13bfc1c	1025	632	42.0	0.0	3667.0	1891.0	55.0	4.9818181818181815	101.0	215.0	189.0	418.0	active
2016-09-29	25753-68a3e5516d7a7dc21fbe0e7ee13bfc1c	1025	632	42.0	0.0	3835.0	2027.0	42.0	4.9523809523809526	76.0	265.0	245.0	564.0	active
2016-09-30	25753-68a3e5516d7a7dc21fbe0e7ee13bfc1c	1025	632	42.0	0.0	5625.0	3129.0	35.0	5.0	127.0	258.0	234.0	484.0	active
2016-10-01	25753-68a3e5516d7a7dc21fbe0e7ee13bfc1c	1025	632	42.0	0.0	3727.0	2004.0	40.0	4.975	85.0	231.0	214.0	524.0	active
2016-10-02	25753-68a3e5516d7a7dc21fbe0e7ee13bfc1c	1025	632	42.0	0.0	3471.0	1863.0	36.0	5.0	81.0	243.0	217.0	465.0	active
2016-10-03	25753-68a3e5516d7a7dc21fbe0e7ee13bfc1c	1025	632	42.0	0.0	3547.0	1880.0	40.0	4.925	40.0	246.0	220.0	431.0	active
2016-10-04	25753-68a3e5516d7a7dc21fbe0e7ee13bfc1c	1025	632	42.0	0.0	3850.0	2083.0	42.0	4.976190476190476	96.0	244.0	219.0	470.0	active
2016-10-05	25753-68a3e5516d7a7dc21fbe0e7ee13bfc1c	1025	632	42.0	0.0	5015.0	2687.0	38.0	4.7631578947368425	122.0	283.0	270.0	574.0	active
2016-10-06	25753-68a3e5516d7a7dc21fbe0e7ee13bfc1c	1025	632	42.0	0.0	4644.0	2369.0	36.0	4.888888888888889	105.0	347.0	304.0	640.0	active
2016-10-07	25753-68a3e5516d7a7dc21fbe0e7ee13bfc1c	1025	632	42.0	0.0	4859.0	2447.0	49.0	4.8979591836734695	107.0	355.0	324.0	713.0	active
2016-10-08	25753-68a3e5516d7a7dc21fbe0e7ee13bfc1c	1025	632	42.0	0.0	4309.0	2295.0	51.0	4.8431372549019605	109.0	316.0	271.0	597.0	active
2016-10-09	25753-68a3e5516d7a7dc21fbe0e7ee13bfc1c	1025	632	42.0	0.0	3952.0	1931.0	61.0	4.852459016393443	112.0	282.0	251.0	556.0	active
2016-10-10	25753-68a3e5516d7a7dc21fbe0e7ee13bfc1c	1025	632	42.0	0.0	2259.0	1273.0	45.0	5.0	30.0	98.0	83.0	187.0	active
2016-10-11	25753-68a3e5516d7a7dc21fbe0e7ee13bfc1c	1025	632	42.0	0.0	931.0	647.0	42.0	4.928571428571429	1.0	6.0	6.0	14.0	active
2016-10-12	25753-68a3e5516d7a7dc21fbe0e7ee13bfc1c	1025	632	42.0	0.0	3427.0	1704.0	61.0	4.868852459016393	78.0	232.0	200.0	435.0	active
2016-10-13	25753-68a3e5516d7a7dc21fbe0e7ee13bfc1c	1025	632	42.0	0.0	5205.0	2587.0	52.0	4.923076923076923	129.0	371.0	319.0	686.0	active
2016-10-14	25753-68a3e5516d7a7dc21fbe0e7ee13bfc1c	1025	632	42.0	0.0	4316.0	2200.0	45.0	4.888888888888889	69.0	275.0	212.0	486.0	active
2016-10-15	25753-68a3e5516d7a7dc21fbe0e7ee13bfc1c	1025	632	42.0	0.0	4132.0	2112.0	31.0	4.967741935483871	101.0	263.0	234.0	478.0	active
2016-10-16	25753-68a3e5516d7a7dc21fbe0e7ee13bfc1c	1025	632	42.0	0.0	4283.0	2182.0	37.0	5.0	89.0	294.0	249.0	534.0	active
2016-10-17	25753-68a3e5516d7a7dc21fbe0e7ee13bfc1c	1025	632	42.0	0.0	4240.0	2284.0	59.0	4.983050847457627	102.0	306.0	260.0	506.0	active
2016-10-18	25753-68a3e5516d7a7dc21fbe0e7ee13bfc1c	1025	632	42.0	0.0	5436.0	2949.0	66.0	4.909090909090909	151.0	353.0	308.0	584.0	active
2016-10-19	25753-68a3e5516d7a7dc21fbe0e7ee13bfc1c	1025	632	42.0	0.0	5420.0	2916.0	74.0	4.891891891891892	131.0	370.0	326.0	600.0	active
2016-10-20	25753-68a3e5516d7a7dc21fbe0e7ee13bfc1c	1025	632	42.0	0.0	5196.0	2799.0	54.0	4.925925925925926	94.0	377.0	332.0	677.0	active
2016-10-21	25753-68a3e5516d7a7dc21fbe0e7ee13bfc1c	1025	632	42.0	0.0	4173.0	2214.0	44.0	5.0	116.0	294.0	264.0	504.0	active
2016-10-22	25753-68a3e5516d7a7dc21fbe0e7ee13bfc1c	1025	632	42.0	0.0	3958.0	2118.0	45.0	4.888888888888889	99.0	292.0	245.0	488.0	active
2016-10-23	25753-68a3e5516d7a7dc21fbe0e7ee13bfc1c	1025	632	42.0	0.0	3939.0	2188.0	43.0	5.0	84.0	289.0	238.0	561.0	active
2016-10-24	25753-68a3e5516d7a7dc21fbe0e7ee13bfc1c	1025	632	42.0	0.0	4227.0	2350.0	63.0	4.936507936507937	90.0	282.0	237.0	485.0	active
2016-10-25	25753-68a3e5516d7a7dc21fbe0e7ee13bfc1c	1025	632	42.0	0.0	3987.0	2153.0	48.0	4.875	80.0	292.0	237.0	505.0	active
2016-10-27	25753-68a3e5516d7a7dc21fbe0e7ee13bfc1c	1025	632	42.0	0.0	4198.0	2201.0	42.0	4.928571428571429	91.0	338.0	292.0	610.0	active
2016-10-28	25753-68a3e5516d7a7dc21fbe0e7ee13bfc1c	1025	632	42.0	0.0	3542.0	1887.0	51.0	5.0	72.0	286.0	243.0	477.0	active
2016-10-29	25753-68a3e5516d7a7dc21fbe0e7ee13bfc1c	1025	632	42.0	0.0	3155.0	1702.0	45.0	4.911111111111111	65.0	267.0	228.0	477.0	active
2016-10-30	25753-68a3e5516d7a7dc21fbe0e7ee13bfc1c	1025	632	42.0	0.0	3577.0	1975.0	37.0	4.972972972972973	95.0	277.0	245.0	451.0	active
2016-10-31	25753-68a3e5516d7a7dc21fbe0e7ee13bfc1c	1025	632	42.0	0.0	3890.0	2215.0	50.0	5.0	82.0	298.0	260.0	494.0	active
2016-11-01	25753-68a3e5516d7a7dc21fbe0e7ee13bfc1c	1025	632	42.0	0.0	3643.0	2042.0	45.0	4.933333333333334	86.0	264.0	229.0	416.0	active
2016-11-02	25753-68a3e5516d7a7dc21fbe0e7ee13bfc1c	1025	632	42.0	0.0	3729.0	2054.0	52.0	4.884615384615385	89.0	307.0	285.0	543.0	active
2016-11-03	25753-68a3e5516d7a7dc21fbe0e7ee13bfc1c	1025	632	42.0	0.0	3375.0	1963.0	58.0	5.0	74.0	264.0	241.0	427.0	active
2016-11-04	25753-68a3e5516d7a7dc21fbe0e7ee13bfc1c	1025	632	42.0	0.0	3623.0	2013.0	47.0	5.0	87.0	256.0	234.0	443.0	active
2016-11-05	25753-68a3e5516d7a7dc21fbe0e7ee13bfc1c	1025	632	42.0	0.0	2895.0	1694.0	40.0	4.975	94.0	249.0	220.0	467.0	active
2016-11-06	25753-68a3e5516d7a7dc21fbe0e7ee13bfc1c	1025	632	42.0	0.0	4495.0	2446.0	52.0	4.923076923076923	79.0	230.0	208.0	407.0	active
2016-11-07	25753-68a3e5516d7a7dc21fbe0e7ee13bfc1c	1025	632	42.0	0.0	4345.0	2380.0	61.0	4.967213114754099	94.0	267.0	246.0	439.0	active
2016-11-08	25753-68a3e5516d7a7dc21fbe0e7ee13bfc1c	1025	632	42.0	0.0	2791.0	1566.0	44.0	4.9772727272727275	89.0	277.0	252.0	460.0	active
2016-11-09	25753-68a3e5516d7a7dc21fbe0e7ee13bfc1c	1025	632	42.0	0.0	4517.0	2526.0	42.0	4.976190476190476	99.0	227.0	212.0	404.0	active
2016-11-10	25753-68a3e5516d7a7dc21fbe0e7ee13bfc1c	1025	632	42.0	0.0	7515.0	3881.0	48.0	4.9375	135.0	279.0	219.0	547.0	active
2016-11-11	25753-68a3e5516d7a7dc21fbe0e7ee13bfc1c	1025	632	42.0	0.0	19431.0	8930.0	85.0	4.929411764705883	346.0	3169.0	2389.0	7629.0	active
2016-11-12	25753-68a3e5516d7a7dc21fbe0e7ee13bfc1c	1025	632	42.0	0.0	7715.0	3886.0	71.0	4.929577464788732	172.0	857.0	470.0	1143.0	active
2016-11-13	25753-68a3e5516d7a7dc21fbe0e7ee13bfc1c	1025	632	42.0	0.0	7841.0	4036.0	71.0	4.915492957746479	173.0	617.0	527.0	1239.0	active
2016-11-14	25753-68a3e5516d7a7dc21fbe0e7ee13bfc1c	1025	632	42.0	0.0	4857.0	2960.0	82.0	4.914634146341464	109.0	269.0	213.0	402.0	active
2016-11-15	25753-68a3e5516d7a7dc21fbe0e7ee13bfc1c	1025	632	42.0	0.0	4254.0	2642.0	71.0	4.971830985915493	133.0	243.0	206.0	368.0	active
2016-11-16	25753-68a3e5516d7a7dc21fbe0e7ee13bfc1c	1025	632	42.0	0.0	3658.0	2067.0	72.0	4.902777777777778	113.0	217.0	196.0	395.0	active
2016-11-17	25753-68a3e5516d7a7dc21fbe0e7ee13bfc1c	1025	632	42.0	0.0	3421.0	1982.0	77.0	4.857142857142857	68.0	225.0	201.0	418.0	active
2016-11-18	25753-68a3e5516d7a7dc21fbe0e7ee13bfc1c	1025	632	42.0	0.0	3460.0	2050.0	65.0	4.969230769230769	93.0	195.0	185.0	358.0	active
2016-11-19	25753-68a3e5516d7a7dc21fbe0e7ee13bfc1c	1025	632	42.0	0.0	4017.0	2330.0	59.0	4.966101694915254	92.0	240.0	222.0	412.0	active
2016-11-20	25753-68a3e5516d7a7dc21fbe0e7ee13bfc1c	1025	632	42.0	0.0	3559.0	2066.0	79.0	4.7974683544303796	79.0	237.0	215.0	397.0	active
2016-11-21	25753-68a3e5516d7a7dc21fbe0e7ee13bfc1c	1025	632	42.0	0.0	3737.0	2159.0	58.0	4.982758620689655	93.0	247.0	228.0	401.0	active
2016-11-22	25753-68a3e5516d7a7dc21fbe0e7ee13bfc1c	1025	632	42.0	0.0	3965.0	2199.0	63.0	4.9523809523809526	117.0	273.0	242.0	427.0	active
2016-11-23	25753-68a3e5516d7a7dc21fbe0e7ee13bfc1c	1025	632	42.0	0.0	4288.0	2370.0	49.0	4.857142857142857	71.0	202.0	180.0	357.0	active
2016-11-24	25753-68a3e5516d7a7dc21fbe0e7ee13bfc1c	1025	632	42.0	0.0	4825.0	2696.0	52.0	4.923076923076923	113.0	221.0	194.0	368.0	active
2016-11-25	25753-68a3e5516d7a7dc21fbe0e7ee13bfc1c	1025	632	42.0	0.0	9517.0	5030.0	65.0	4.846153846153846	262.0	780.0	696.0	1579.0	active
2016-11-26	25753-68a3e5516d7a7dc21fbe0e7ee13bfc1c	1025	632	42.0	0.0	6290.0	3480.0	43.0	5.0	142.0	490.0	432.0	938.0	active
2016-11-27	25753-68a3e5516d7a7dc21fbe0e7ee13bfc1c	1025	632	42.0	0.0	5178.0	2881.0	52.0	4.788461538461538	86.0	439.0	395.0	933.0	active
2016-11-28	25753-68a3e5516d7a7dc21fbe0e7ee13bfc1c	1025	632	42.0	0.0	4082.0	2383.0	63.0	4.936507936507937	117.0	270.0	236.0	429.0	active
2016-11-29	25753-68a3e5516d7a7dc21fbe0e7ee13bfc1c	1025	632	42.0	0.0	4373.0	2655.0	48.0	4.770833333333333	80.0	292.0	271.0	501.0	active
2016-11-30	25753-68a3e5516d7a7dc21fbe0e7ee13bfc1c	1025	632	42.0	0.0	3841.0	2329.0	79.0	4.8354430379746836	104.0	264.0	242.0	485.0	active
2016-12-01	25753-68a3e5516d7a7dc21fbe0e7ee13bfc1c	1025	632	42.0	0.0	4942.0	2788.0	69.0	4.898550724637682	117.0	265.0	243.0	446.0	active
2016-12-02	25753-68a3e5516d7a7dc21fbe0e7ee13bfc1c	1025	632	42.0	0.0	3916.0	2163.0	63.0	4.714285714285714	106.0	288.0	249.0	505.0	active
2016-12-03	25753-68a3e5516d7a7dc21fbe0e7ee13bfc1c	1025	632	42.0	0.0	3652.0	2056.0	56.0	4.75	89.0	274.0	251.0	524.0	active
2016-12-04	25753-68a3e5516d7a7dc21fbe0e7ee13bfc1c	1025	632	42.0	0.0	4416.0	2518.0	51.0	4.764705882352941	106.0	274.0	243.0	477.0	active
2016-12-05	25753-68a3e5516d7a7dc21fbe0e7ee13bfc1c	1025	632	42.0	0.0	4202.0	2375.0	51.0	4.862745098039215	98.0	271.0	241.0	490.0	active
2016-12-06	25753-68a3e5516d7a7dc21fbe0e7ee13bfc1c	1025	632	42.0	0.0	4735.0	2641.0	60.0	4.75	106.0	265.0	235.0	462.0	active
2016-12-07	25753-68a3e5516d7a7dc21fbe0e7ee13bfc1c	1025	632	42.0	0.0	4529.0	2513.0	58.0	4.775862068965517	108.0	250.0	225.0	426.0	active
2016-12-08	25753-68a3e5516d7a7dc21fbe0e7ee13bfc1c	1025	632	42.0	0.0	4869.0	2717.0	51.0	4.921568627450981	131.0	255.0	228.0	416.0	active
2016-12-09	25753-68a3e5516d7a7dc21fbe0e7ee13bfc1c	1025	632	42.0	0.0	5216.0	2872.0	58.0	4.896551724137931	101.0	246.0	224.0	472.0	active
2016-12-10	25753-68a3e5516d7a7dc21fbe0e7ee13bfc1c	1025	632	42.0	0.0	6206.0	3593.0	44.0	4.818181818181818	133.0	251.0	224.0	560.0	active
2016-12-11	25753-68a3e5516d7a7dc21fbe0e7ee13bfc1c	1025	632	42.0	0.0	8114.0	4217.0	65.0	4.876923076923077	180.0	285.0	258.0	454.0	active
2016-12-12	25753-68a3e5516d7a7dc21fbe0e7ee13bfc1c	1025	632	42.0	0.0	19374.0	9133.0	98.0	4.908163265306122	345.0	3095.0	2731.0	5285.0	active
2016-12-13	25753-68a3e5516d7a7dc21fbe0e7ee13bfc1c	1025	632	42.0	0.0	7592.0	4011.0	106.0	4.867924528301887	131.0	566.0	483.0	931.0	active
2016-12-14	25753-68a3e5516d7a7dc21fbe0e7ee13bfc1c	1025	632	42.0	0.0	7047.0	3511.0	88.0	4.7727272727272725	130.0	547.0	478.0	985.0	active
2016-12-15	25753-68a3e5516d7a7dc21fbe0e7ee13bfc1c	1025	632	42.0	0.0	4945.0	2913.0	100.0	4.8	106.0	228.0	197.0	333.0	active
2016-12-16	25753-68a3e5516d7a7dc21fbe0e7ee13bfc1c	1025	632	42.0	0.0	4155.0	2400.0	71.0	4.873239436619718	88.0	183.0	147.0	258.0	active
2016-12-17	25753-68a3e5516d7a7dc21fbe0e7ee13bfc1c	1025	632	42.0	0.0	3649.0	2130.0	64.0	4.671875	87.0	180.0	163.0	359.0	active
2016-12-18	25753-68a3e5516d7a7dc21fbe0e7ee13bfc1c	1025	632	42.0	0.0	4558.0	2771.0	51.0	4.8431372549019605	107.0	209.0	194.0	377.0	active
2016-12-19	25753-68a3e5516d7a7dc21fbe0e7ee13bfc1c	1025	632	42.0	0.0	6224.0	4005.0	67.0	4.746268656716418	82.0	447.0	404.0	628.0	active
2016-12-20	25753-68a3e5516d7a7dc21fbe0e7ee13bfc1c	1025	632	42.0	0.0	4990.0	3021.0	60.0	4.55	105.0	686.0	611.0	870.0	active
2016-12-21	25753-68a3e5516d7a7dc21fbe0e7ee13bfc1c	1025	632	42.0	0.0	4698.0	2824.0	50.0	4.98	71.0	554.0	505.0	662.0	active
2016-12-22	25753-68a3e5516d7a7dc21fbe0e7ee13bfc1c	1025	632	42.0	0.0	4688.0	2912.0	53.0	4.830188679245283	103.0	682.0	605.0	754.0	active
2016-12-23	25753-68a3e5516d7a7dc21fbe0e7ee13bfc1c	1025	632	42.0	0.0	6358.0	3575.0	64.0	4.890625	108.0	744.0	679.0	992.0	active
2016-12-24	25753-68a3e5516d7a7dc21fbe0e7ee13bfc1c	1025	632	42.0	0.0	6042.0	3476.0	41.0	4.878048780487805	99.0	584.0	525.0	827.0	active
2016-12-25	25753-68a3e5516d7a7dc21fbe0e7ee13bfc1c	1025	632	42.0	0.0	6380.0	3481.0	57.0	4.649122807017544	125.0	709.0	646.0	1060.0	active
2016-12-26	25753-68a3e5516d7a7dc21fbe0e7ee13bfc1c	1025	632	42.0	0.0	5683.0	3537.0	46.0	5.0	87.0	785.0	697.0	980.0	active
2016-12-27	25753-68a3e5516d7a7dc21fbe0e7ee13bfc1c	1025	632	42.0	0.0	5868.0	3908.0	40.0	4.8	106.0	1030.0	923.0	1148.0	active
2016-12-28	25753-68a3e5516d7a7dc21fbe0e7ee13bfc1c	1025	632	42.0	0.0	5494.0	3626.0	37.0	4.756756756756757	91.0	1242.0	1013.0	1202.0	active
2016-12-29	25753-68a3e5516d7a7dc21fbe0e7ee13bfc1c	1025	632	42.0	0.0	4112.0	2545.0	53.0	5.0	90.0	538.0	430.0	569.0	active
2016-12-30	25753-68a3e5516d7a7dc21fbe0e7ee13bfc1c	1025	632	42.0	0.0	3496.0	2158.0	53.0	4.9245283018867925	76.0	229.0	190.0	307.0	active
2016-12-31	25753-68a3e5516d7a7dc21fbe0e7ee13bfc1c	1025	632	42.0	0.0	3817.0	2329.0	47.0	4.9787234042553195	60.0	447.0	374.0	502.0	active
2017-01-01	25753-68a3e5516d7a7dc21fbe0e7ee13bfc1c	1025	632	42.0	0.0	3643.0	2159.0	30.0	4.966666666666667	84.0	328.0	293.0	461.0	active
2017-01-02	25753-68a3e5516d7a7dc21fbe0e7ee13bfc1c	1025	632	42.0	0.0	3918.0	2298.0	38.0	4.7894736842105265	106.0	234.0	211.0	346.0	active
2017-01-03	25753-68a3e5516d7a7dc21fbe0e7ee13bfc1c	1025	632	42.0	0.0	4255.0	2486.0	64.0	5.0	100.0	282.0	254.0	440.0	active
2017-01-04	25753-68a3e5516d7a7dc21fbe0e7ee13bfc1c	1025	632	42.0	0.0	0.0	0.0	48.0	4.9375	66.0	284.0	255.0	443.0	active
2017-01-05	25753-68a3e5516d7a7dc21fbe0e7ee13bfc1c	1025	632	42.0	0.0	4088.0	2348.0	59.0	4.813559322033898	88.0	265.0	241.0	431.0	active
2017-01-06	25753-68a3e5516d7a7dc21fbe0e7ee13bfc1c	1025	632	42.0	0.0	6811.0	3542.0	54.0	4.851851851851852	165.0	500.0	440.0	837.0	active
2017-01-07	25753-68a3e5516d7a7dc21fbe0e7ee13bfc1c	1025	632	42.0	0.0	7071.0	3716.0	53.0	4.943396226415095	222.0	547.0	477.0	952.0	active
2017-01-08	25753-68a3e5516d7a7dc21fbe0e7ee13bfc1c	1025	632	42.0	0.0	5697.0	3035.0	60.0	4.883333333333334	126.0	501.0	425.0	926.0	active
2017-01-09	25753-68a3e5516d7a7dc21fbe0e7ee13bfc1c	1025	632	42.0	0.0	11115.0	2912.0	48.0	4.958333333333333	123.0	497.0	426.0	788.0	active
2017-01-10	25753-68a3e5516d7a7dc21fbe0e7ee13bfc1c	1025	632	42.0	0.0	5166.0	2773.0	74.0	4.9324324324324325	147.0	480.0	420.0	777.0	active
2017-01-11	25753-68a3e5516d7a7dc21fbe0e7ee13bfc1c	1025	632	42.0	0.0	5183.0	2704.0	76.0	4.868421052631579	173.0	461.0	394.0	751.0	active
2017-01-12	25753-68a3e5516d7a7dc21fbe0e7ee13bfc1c	1025	632	42.0	0.0	5236.0	2738.0	66.0	4.787878787878788	137.0	471.0	425.0	881.0	active
2017-01-13	25753-68a3e5516d7a7dc21fbe0e7ee13bfc1c	1025	632	42.0	0.0	3837.0	2091.0	51.0	4.862745098039215	91.0	345.0	294.0	593.0	active
2017-01-14	25753-68a3e5516d7a7dc21fbe0e7ee13bfc1c	1025	632	42.0	0.0	3731.0	1964.0	58.0	4.637931034482759	86.0	332.0	279.0	523.0	active
2017-01-15	25753-68a3e5516d7a7dc21fbe0e7ee13bfc1c	1025	632	42.0	0.0	4218.0	2305.0	52.0	4.923076923076923	93.0	382.0	338.0	668.0	active
2017-01-16	25753-68a3e5516d7a7dc21fbe0e7ee13bfc1c	1025	632	42.0	0.0	3871.0	2207.0	62.0	4.806451612903226	91.0	343.0	299.0	597.0	active
2017-01-17	25753-68a3e5516d7a7dc21fbe0e7ee13bfc1c	1025	632	42.0	0.0	4086.0	2321.0	73.0	5.0	79.0	391.0	351.0	636.0	active
2017-01-18	25753-68a3e5516d7a7dc21fbe0e7ee13bfc1c	1025	632	42.0	0.0	3180.0	1818.0	74.0	4.905405405405405	125.0	363.0	323.0	624.0	active
2017-01-19	25753-68a3e5516d7a7dc21fbe0e7ee13bfc1c	1025	632	42.0	0.0	3081.0	1816.0	57.0	4.7368421052631575	63.0	315.0	280.0	568.0	active
2017-01-20	25753-68a3e5516d7a7dc21fbe0e7ee13bfc1c	1025	632	42.0	0.0	3245.0	2004.0	53.0	4.811320754716981	78.0	276.0	234.0	523.0	active
2017-01-21	25753-68a3e5516d7a7dc21fbe0e7ee13bfc1c	1025	632	42.0	0.0	2928.0	1687.0	27.0	4.814814814814815	60.0	224.0	198.0	345.0	active
2017-01-22	25753-68a3e5516d7a7dc21fbe0e7ee13bfc1c	1025	632	42.0	0.0	2616.0	1542.0	37.0	5.0	85.0	159.0	146.0	261.0	active
2017-01-23	25753-68a3e5516d7a7dc21fbe0e7ee13bfc1c	1025	632	42.0	0.0	2346.0	1368.0	32.0	4.78125	80.0	132.0	116.0	183.0	active
2017-01-24	25753-68a3e5516d7a7dc21fbe0e7ee13bfc1c	1025	632	42.0	0.0	2334.0	1358.0	26.0	5.0	70.0	146.0	129.0	279.0	active
2017-01-25	25753-68a3e5516d7a7dc21fbe0e7ee13bfc1c	1025	632	42.0	0.0	1945.0	1202.0	37.0	5.0	63.0	112.0	97.0	232.0	active
2017-01-26	25753-68a3e5516d7a7dc21fbe0e7ee13bfc1c	1025	632	42.0	0.0	2176.0	1343.0	24.0	4.916666666666667	65.0	88.0	74.0	141.0	active
2017-01-27	25753-68a3e5516d7a7dc21fbe0e7ee13bfc1c	1025	632	42.0	0.0	1701.0	1062.0	9.0	5.0	56.0	70.0	61.0	117.0	active
2017-01-28	25753-68a3e5516d7a7dc21fbe0e7ee13bfc1c	1025	632	42.0	0.0	2091.0	1251.0	19.0	5.0	76.0	111.0	107.0	235.0	active
2017-01-29	25753-68a3e5516d7a7dc21fbe0e7ee13bfc1c	1025	632	42.0	0.0	2954.0	1770.0	24.0	4.916666666666667	95.0	164.0	148.0	283.0	active
2017-01-30	25753-68a3e5516d7a7dc21fbe0e7ee13bfc1c	1025	632	42.0	0.0	3277.0	1818.0	19.0	5.0	98.0	206.0	188.0	344.0	active
2017-01-31	25753-68a3e5516d7a7dc21fbe0e7ee13bfc1c	1025	632	42.0	0.0	4016.0	2241.0	12.0	5.0	125.0	284.0	253.0	460.0	active
2017-02-01	25753-68a3e5516d7a7dc21fbe0e7ee13bfc1c	1025	632	42.0	0.0	4706.0	2630.0	28.0	5.0	141.0	344.0	313.0	592.0	active
2017-02-02	25753-68a3e5516d7a7dc21fbe0e7ee13bfc1c	1025	632	42.0	0.0	5661.0	2999.0	40.0	4.85	188.0	473.0	435.0	786.0	active
2017-02-03	25753-68a3e5516d7a7dc21fbe0e7ee13bfc1c	1025	632	42.0	0.0	6271.0	3325.0	41.0	4.902439024390244	210.0	558.0	492.0	929.0	active
2017-02-04	25753-68a3e5516d7a7dc21fbe0e7ee13bfc1c	1025	632	42.0	0.0	6635.0	3611.0	63.0	4.936507936507937	201.0	532.0	463.0	909.0	active
2017-02-05	25753-68a3e5516d7a7dc21fbe0e7ee13bfc1c	1025	632	42.0	0.0	6239.0	3484.0	49.0	4.8979591836734695	199.0	611.0	530.0	984.0	active
2017-02-06	25753-68a3e5516d7a7dc21fbe0e7ee13bfc1c	1025	632	42.0	0.0	6752.0	3841.0	64.0	4.828125	213.0	620.0	538.0	977.0	active
2017-02-07	25753-68a3e5516d7a7dc21fbe0e7ee13bfc1c	1025	632	42.0	0.0	6726.0	3705.0	98.0	4.755102040816326	213.0	596.0	515.0	962.0	active
2017-02-08	25753-68a3e5516d7a7dc21fbe0e7ee13bfc1c	1025	632	42.0	0.0	6540.0	3686.0	96.0	4.84375	239.0	524.0	468.0	870.0	active
2017-02-09	25753-68a3e5516d7a7dc21fbe0e7ee13bfc1c	1025	632	42.0	0.0	5522.0	3158.0	79.0	4.848101265822785	184.0	441.0	401.0	735.0	active
2017-02-10	25753-68a3e5516d7a7dc21fbe0e7ee13bfc1c	1025	632	42.0	0.0	6550.0	3781.0	84.0	4.940476190476191	177.0	389.0	346.0	677.0	active
2017-02-11	25753-68a3e5516d7a7dc21fbe0e7ee13bfc1c	1025	632	42.0	0.0	5516.0	3084.0	89.0	4.921348314606742	152.0	451.0	406.0	783.0	active
2017-02-12	25753-68a3e5516d7a7dc21fbe0e7ee13bfc1c	1025	632	42.0	0.0	5819.0	3148.0	69.0	4.869565217391305	185.0	432.0	408.0	837.0	active
2017-02-13	25753-68a3e5516d7a7dc21fbe0e7ee13bfc1c	1025	632	42.0	0.0	5862.0	3210.0	99.0	4.929292929292929	189.0	497.0	444.0	900.0	active
2017-02-14	25753-68a3e5516d7a7dc21fbe0e7ee13bfc1c	1025	632	42.0	0.0	5262.0	2980.0	81.0	4.8765432098765435	181.0	476.0	427.0	885.0	active
2017-02-15	25753-68a3e5516d7a7dc21fbe0e7ee13bfc1c	1025	632	42.0	0.0	6203.0	3529.0	77.0	4.857142857142857	179.0	561.0	502.0	912.0	active
2017-02-16	25753-68a3e5516d7a7dc21fbe0e7ee13bfc1c	1025	632	42.0	0.0	5698.0	3170.0	92.0	4.891304347826087	172.0	503.0	452.0	906.0	active
2017-02-17	25753-68a3e5516d7a7dc21fbe0e7ee13bfc1c	1025	632	42.0	0.0	7974.0	4243.0	70.0	4.914285714285715	180.0	477.0	438.0	804.0	active
2017-02-18	25753-68a3e5516d7a7dc21fbe0e7ee13bfc1c	1025	632	42.0	0.0	4552.0	2519.0	79.0	4.8354430379746836	153.0	345.0	301.0	602.0	active
2017-02-19	25753-68a3e5516d7a7dc21fbe0e7ee13bfc1c	1025	632	42.0	0.0	4833.0	2666.0	82.0	4.939024390243903	182.0	405.0	368.0	725.0	active
2017-02-20	25753-68a3e5516d7a7dc21fbe0e7ee13bfc1c	1025	632	42.0	0.0	5327.0	2876.0	85.0	4.929411764705883	178.0	433.0	392.0	753.0	active
2017-02-21	25753-68a3e5516d7a7dc21fbe0e7ee13bfc1c	1025	632	42.0	0.0	5581.0	3012.0	111.0	4.927927927927928	180.0	440.0	398.0	767.0	active
2017-02-22	25753-68a3e5516d7a7dc21fbe0e7ee13bfc1c	1025	632	42.0	0.0	7337.0	3903.0	107.0	4.906542056074766	197.0	567.0	484.0	932.0	active
2017-02-23	25753-68a3e5516d7a7dc21fbe0e7ee13bfc1c	1025	632	42.0	0.0	7804.0	4179.0	93.0	4.924731182795699	229.0	647.0	570.0	1009.0	active
2017-02-24	25753-68a3e5516d7a7dc21fbe0e7ee13bfc1c	1025	632	42.0	0.0	4823.0	2624.0	73.0	4.931506849315069	141.0	517.0	455.0	843.0	active
2017-02-25	25753-68a3e5516d7a7dc21fbe0e7ee13bfc1c	1025	632	42.0	0.0	4885.0	2683.0	77.0	4.8311688311688314	181.0	393.0	362.0	728.0	active
2017-02-26	25753-68a3e5516d7a7dc21fbe0e7ee13bfc1c	1025	632	42.0	0.0	4688.0	2557.0	72.0	4.972222222222222	166.0	362.0	333.0	671.0	active
2017-02-27	25753-68a3e5516d7a7dc21fbe0e7ee13bfc1c	1025	632	42.0	0.0	5207.0	2855.0	79.0	4.848101265822785	129.0	389.0	366.0	711.0	active
2017-02-28	25753-68a3e5516d7a7dc21fbe0e7ee13bfc1c	1025	632	42.0	0.0	6803.0	3778.0	79.0	4.9113924050632916	179.0	526.0	482.0	935.0	active
2017-03-01	25753-68a3e5516d7a7dc21fbe0e7ee13bfc1c	1025	632	42.0	0.0	5820.0	3192.0	114.0	4.885964912280702	169.0	517.0	464.0	910.0	active
2017-03-02	25753-68a3e5516d7a7dc21fbe0e7ee13bfc1c	1025	632	42.0	0.0	5922.0	3288.0	80.0	4.8	197.0	506.0	444.0	919.0	active
2017-03-03	25753-68a3e5516d7a7dc21fbe0e7ee13bfc1c	1025	632	42.0	0.0	5543.0	3080.0	89.0	4.977528089887641	217.0	448.0	404.0	738.0	active
2017-03-04	25753-68a3e5516d7a7dc21fbe0e7ee13bfc1c	1025	632	42.0	0.0	6715.0	3799.0	72.0	4.875	226.0	406.0	356.0	688.0	active
2017-03-05	25753-68a3e5516d7a7dc21fbe0e7ee13bfc1c	1025	632	42.0	0.0	7036.0	3857.0	78.0	4.884615384615385	196.0	413.0	374.0	714.0	active
2017-03-06	25753-68a3e5516d7a7dc21fbe0e7ee13bfc1c	1025	632	42.0	0.0	7637.0	4040.0	106.0	4.716981132075472	244.0	463.0	418.0	786.0	active
2017-03-07	25753-68a3e5516d7a7dc21fbe0e7ee13bfc1c	1025	632	42.0	0.0	12942.0	6395.0	99.0	4.929292929292929	308.0	926.0	815.0	1592.0	active
2017-03-08	25753-68a3e5516d7a7dc21fbe0e7ee13bfc1c	1025	632	42.0	0.0	12034.0	5997.0	93.0	4.89247311827957	306.0	919.0	831.0	1485.0	active
2017-03-09	25753-68a3e5516d7a7dc21fbe0e7ee13bfc1c	1025	632	42.0	0.0	14012.0	5828.0	102.0	4.872549019607843	239.0	710.0	640.0	1249.0	active
2017-03-10	25753-68a3e5516d7a7dc21fbe0e7ee13bfc1c	1025	632	42.0	0.0	7478.0	3808.0	95.0	4.778947368421052	209.0	646.0	585.0	1015.0	active
2017-03-11	25753-68a3e5516d7a7dc21fbe0e7ee13bfc1c	1025	632	42.0	0.0	6322.0	3630.0	85.0	4.858823529411764	284.0	463.0	412.0	768.0	active
2017-03-12	25753-68a3e5516d7a7dc21fbe0e7ee13bfc1c	1025	632	42.0	0.0	6331.0	3539.0	105.0	4.885714285714286	254.0	514.0	471.0	956.0	active
2017-03-13	25753-68a3e5516d7a7dc21fbe0e7ee13bfc1c	1025	632	42.0	0.0	6141.0	3599.0	89.0	4.808988764044944	222.0	470.0	419.0	799.0	active
2017-03-14	25753-68a3e5516d7a7dc21fbe0e7ee13bfc1c	1025	632	42.0	0.0	5637.0	3180.0	87.0	4.885057471264368	226.0	453.0	411.0	782.0	active
2017-03-15	25753-68a3e5516d7a7dc21fbe0e7ee13bfc1c	1025	632	42.0	0.0	5485.0	3128.0	106.0	4.839622641509434	226.0	412.0	368.0	696.0	active
2017-03-16	25753-68a3e5516d7a7dc21fbe0e7ee13bfc1c	1025	632	42.0	0.0	5411.0	3115.0	82.0	4.829268292682927	229.0	408.0	366.0	688.0	active
2017-03-17	25753-68a3e5516d7a7dc21fbe0e7ee13bfc1c	1025	632	42.0	0.0	5225.0	2956.0	73.0	4.931506849315069	191.0	400.0	351.0	700.0	active
2017-03-18	25753-68a3e5516d7a7dc21fbe0e7ee13bfc1c	1025	632	42.0	0.0	5921.0	3323.0	80.0	4.825	184.0	406.0	367.0	730.0	active
2017-03-19	25753-68a3e5516d7a7dc21fbe0e7ee13bfc1c	1025	632	42.0	0.0	6294.0	3452.0	91.0	4.8901098901098905	219.0	443.0	410.0	807.0	active
2017-03-20	25753-68a3e5516d7a7dc21fbe0e7ee13bfc1c	1025	632	42.0	0.0	6253.0	3507.0	80.0	4.9125	242.0	525.0	466.0	899.0	active
2017-03-21	25753-68a3e5516d7a7dc21fbe0e7ee13bfc1c	1025	632	42.0	0.0	5878.0	3256.0	61.0	4.885245901639344	222.0	465.0	411.0	705.0	active
2017-03-22	25753-68a3e5516d7a7dc21fbe0e7ee13bfc1c	1025	632	42.0	0.0	6963.0	3744.0	70.0	4.871428571428571	258.0	612.0	552.0	974.0	active
2017-03-23	25753-68a3e5516d7a7dc21fbe0e7ee13bfc1c	1025	632	42.0	0.0	6274.0	3492.0	82.0	4.853658536585366	240.0	488.0	424.0	840.0	active
2017-03-24	25753-68a3e5516d7a7dc21fbe0e7ee13bfc1c	1025	632	42.0	0.0	5719.0	3239.0	69.0	4.898550724637682	214.0	476.0	423.0	803.0	active
2017-03-25	25753-68a3e5516d7a7dc21fbe0e7ee13bfc1c	1025	632	42.0	0.0	5482.0	3114.0	70.0	4.785714285714286	245.0	421.0	361.0	699.0	active
2017-03-26	25753-68a3e5516d7a7dc21fbe0e7ee13bfc1c	1025	632	42.0	0.0	5103.0	2854.0	73.0	4.917808219178082	199.0	451.0	398.0	692.0	active
2017-03-27	25753-68a3e5516d7a7dc21fbe0e7ee13bfc1c	1025	632	42.0	0.0	5497.0	3094.0	63.0	4.841269841269841	183.0	491.0	446.0	830.0	active
2017-03-28	25753-68a3e5516d7a7dc21fbe0e7ee13bfc1c	1025	632	42.0	0.0	6704.0	3933.0	73.0	4.8493150684931505	261.0	503.0	451.0	867.0	active
2017-03-29	25753-68a3e5516d7a7dc21fbe0e7ee13bfc1c	1025	632	42.0	0.0	5896.0	3257.0	78.0	4.910256410256411	223.0	491.0	448.0	812.0	active
2017-03-30	25753-68a3e5516d7a7dc21fbe0e7ee13bfc1c	1025	632	42.0	0.0	6100.0	3450.0	83.0	4.831325301204819	243.0	549.0	456.0	908.0	active
2017-03-31	25753-68a3e5516d7a7dc21fbe0e7ee13bfc1c	1025	632	42.0	0.0	5752.0	3221.0	78.0	4.961538461538462	186.0	473.0	395.0	813.0	active
2017-04-01	25753-68a3e5516d7a7dc21fbe0e7ee13bfc1c	1025	632	42.0	0.0	5492.0	3112.0	78.0	4.935897435897436	206.0	443.0	392.0	758.0	active
2017-04-02	25753-68a3e5516d7a7dc21fbe0e7ee13bfc1c	1025	632	42.0	0.0	4886.0	2841.0	54.0	4.648148148148148	187.0	377.0	335.0	624.0	active
2017-04-03	25753-68a3e5516d7a7dc21fbe0e7ee13bfc1c	1025	632	42.0	0.0	5281.0	3034.0	61.0	4.918032786885246	175.0	385.0	350.0	673.0	active
2017-04-04	25753-68a3e5516d7a7dc21fbe0e7ee13bfc1c	1025	632	42.0	0.0	5648.0	3225.0	89.0	4.842696629213483	236.0	455.0	392.0	700.0	active
2017-04-05	25753-68a3e5516d7a7dc21fbe0e7ee13bfc1c	1025	632	42.0	0.0	6175.0	3437.0	80.0	4.7875	258.0	509.0	460.0	944.0	active
2017-04-06	25753-68a3e5516d7a7dc21fbe0e7ee13bfc1c	1025	632	42.0	0.0	5924.0	3321.0	88.0	4.829545454545454	237.0	526.0	423.0	856.0	active
2017-04-07	25753-68a3e5516d7a7dc21fbe0e7ee13bfc1c	1025	632	42.0	0.0	6591.0	3680.0	84.0	4.904761904761905	223.0	525.0	447.0	909.0	active
2017-04-08	25753-68a3e5516d7a7dc21fbe0e7ee13bfc1c	1025	632	42.0	0.0	5681.0	3187.0	68.0	4.9411764705882355	189.0	449.0	406.0	717.0	active
2017-04-09	25753-68a3e5516d7a7dc21fbe0e7ee13bfc1c	1025	632	42.0	0.0	7147.0	3966.0	80.0	4.7125	237.0	553.0	494.0	1220.0	active
2017-04-10	25753-68a3e5516d7a7dc21fbe0e7ee13bfc1c	1025	632	42.0	0.0	6850.0	3773.0	91.0	4.934065934065934	255.0	467.0	402.0	845.0	active
2017-04-11	25753-68a3e5516d7a7dc21fbe0e7ee13bfc1c	1025	632	42.0	0.0	6627.0	3614.0	83.0	4.879518072289157	248.0	568.0	494.0	1286.0	active
2017-04-12	25753-68a3e5516d7a7dc21fbe0e7ee13bfc1c	1025	632	42.0	0.0	5341.0	2955.0	67.0	4.955223880597015	251.0	422.0	381.0	736.0	active
2017-04-13	25753-68a3e5516d7a7dc21fbe0e7ee13bfc1c	1025	632	42.0	0.0	7675.0	4181.0	101.0	4.930693069306931	351.0	618.0	548.0	986.0	active
2017-04-14	25753-68a3e5516d7a7dc21fbe0e7ee13bfc1c	1025	632	42.0	0.0	7433.0	4104.0	73.0	4.876712328767123	356.0	579.0	531.0	1071.0	active
2017-04-15	25753-68a3e5516d7a7dc21fbe0e7ee13bfc1c	1025	632	42.0	0.0	5980.0	3166.0	72.0	4.861111111111111	280.0	485.0	438.0	804.0	active
2017-04-16	25753-68a3e5516d7a7dc21fbe0e7ee13bfc1c	1025	632	42.0	0.0	4868.0	2781.0	71.0	5.0	189.0	411.0	378.0	700.0	active
2017-04-17	25753-68a3e5516d7a7dc21fbe0e7ee13bfc1c	1025	632	42.0	0.0	5724.0	3263.0	81.0	4.888888888888889	269.0	472.0	427.0	747.0	active
2017-04-18	25753-68a3e5516d7a7dc21fbe0e7ee13bfc1c	1025	632	42.0	0.0	5556.0	3009.0	89.0	4.932584269662922	268.0	480.0	436.0	874.0	active
2017-04-19	25753-68a3e5516d7a7dc21fbe0e7ee13bfc1c	1025	632	42.0	0.0	0.0	0.0	77.0	4.857142857142857	210.0	443.0	390.0	732.0	active
2017-04-20	25753-68a3e5516d7a7dc21fbe0e7ee13bfc1c	1025	632	42.0	0.0	5968.0	3134.0	76.0	4.9605263157894735	222.0	446.0	392.0	742.0	active
2017-04-21	25753-68a3e5516d7a7dc21fbe0e7ee13bfc1c	1025	632	42.0	0.0	0.0	0.0	76.0	4.973684210526316	223.0	456.0	406.0	779.0	active
2017-04-22	25753-68a3e5516d7a7dc21fbe0e7ee13bfc1c	1025	632	42.0	0.0	5371.0	2818.0	81.0	4.925925925925926	211.0	387.0	347.0	703.0	active
2017-04-23	25753-68a3e5516d7a7dc21fbe0e7ee13bfc1c	1025	632	42.0	0.0	5248.0	2758.0	81.0	4.888888888888889	227.0	451.0	411.0	805.0	active
2017-04-24	25753-68a3e5516d7a7dc21fbe0e7ee13bfc1c	1025	632	42.0	0.0	5729.0	2933.0	79.0	4.936708860759493	240.0	456.0	419.0	818.0	active
2017-04-25	25753-68a3e5516d7a7dc21fbe0e7ee13bfc1c	1025	632	42.0	0.0	6563.0	3395.0	93.0	4.817204301075269	252.0	541.0	494.0	936.0	active
2017-04-26	25753-68a3e5516d7a7dc21fbe0e7ee13bfc1c	1025	632	42.0	0.0	3887.0	2276.0	95.0	4.91578947368421	248.0	367.0	335.0	578.0	active
2017-04-27	25753-68a3e5516d7a7dc21fbe0e7ee13bfc1c	1025	632	42.0	0.0	4493.0	2626.0	96.0	4.979166666666667	250.0	388.0	356.0	593.0	active
2017-04-28	25753-68a3e5516d7a7dc21fbe0e7ee13bfc1c	1025	632	42.0	0.0	4651.0	2734.0	93.0	4.860215053763441	220.0	333.0	299.0	468.0	active
2017-04-29	25753-68a3e5516d7a7dc21fbe0e7ee13bfc1c	1025	632	42.0	0.0	4497.0	2705.0	82.0	4.914634146341464	173.0	303.0	275.0	464.0	active
2017-04-30	25753-68a3e5516d7a7dc21fbe0e7ee13bfc1c	1025	632	42.0	0.0	4233.0	2439.0	80.0	4.9625	194.0	314.0	289.0	530.0	active
2017-05-01	25753-68a3e5516d7a7dc21fbe0e7ee13bfc1c	1025	632	42.0	0.0	4699.0	2673.0	70.0	4.957142857142857	194.0	393.0	362.0	578.0	active
2017-05-02	25753-68a3e5516d7a7dc21fbe0e7ee13bfc1c	1025	632	42.0	0.0	5928.0	3374.0	98.0	4.887755102040816	206.0	432.0	394.0	694.0	active
2017-05-03	25753-68a3e5516d7a7dc21fbe0e7ee13bfc1c	1025	632	42.0	0.0	5976.0	3465.0	105.0	5.0	254.0	436.0	395.0	673.0	active
2017-05-04	25753-68a3e5516d7a7dc21fbe0e7ee13bfc1c	1025	632	42.0	0.0	5256.0	3029.0	98.0	4.969387755102041	182.0	280.0	255.0	398.0	active
2017-05-05	25753-68a3e5516d7a7dc21fbe0e7ee13bfc1c	1025	632	42.0	0.0	1171.0	822.0	80.0	4.95	1.0	2.0	2.0	7.0	active
2017-05-06	25753-68a3e5516d7a7dc21fbe0e7ee13bfc1c	1025	632	42.0	0.0	1015.0	762.0	71.0	4.845070422535211	0.0	0.0	0.0	0.0	active
2017-05-07	25753-68a3e5516d7a7dc21fbe0e7ee13bfc1c	1025	632	42.0	0.0	951.0	726.0	101.0	4.9405940594059405	0.0	0.0	0.0	0.0	active
2017-05-08	25753-68a3e5516d7a7dc21fbe0e7ee13bfc1c	1025	632	42.0	0.0	3751.0	2042.0	80.0	4.9125	143.0	266.0	247.0	493.0	active
2017-05-09	25753-68a3e5516d7a7dc21fbe0e7ee13bfc1c	1025	632	42.0	0.0	1091.0	789.0	71.0	5.0	3.0	10.0	9.0	11.0	active
2017-05-10	25753-68a3e5516d7a7dc21fbe0e7ee13bfc1c	1025	632	42.0	0.0	4269.0	2464.0	90.0	4.966666666666667	217.0	368.0	333.0	576.0	active
2017-05-11	25753-68a3e5516d7a7dc21fbe0e7ee13bfc1c	1025	632	42.0	0.0	3938.0	2129.0	75.0	4.8933333333333335	210.0	307.0	282.0	485.0	active
2017-05-12	25753-68a3e5516d7a7dc21fbe0e7ee13bfc1c	1025	632	42.0	0.0	3902.0	2260.0	61.0	5.0	207.0	320.0	290.0	496.0	active
2017-05-13	25753-68a3e5516d7a7dc21fbe0e7ee13bfc1c	1025	632	42.0	0.0	4668.0	2711.0	66.0	4.96969696969697	250.0	370.0	330.0	552.0	active
2017-05-14	25753-68a3e5516d7a7dc21fbe0e7ee13bfc1c	1025	632	42.0	0.0	4755.0	2631.0	68.0	4.955882352941177	261.0	432.0	390.0	730.0	active
2017-05-15	25753-68a3e5516d7a7dc21fbe0e7ee13bfc1c	1025	632	42.0	0.0	4742.0	2723.0	67.0	5.0	232.0	376.0	340.0	571.0	active
2017-05-16	25753-68a3e5516d7a7dc21fbe0e7ee13bfc1c	1025	632	42.0	0.0	5162.0	2959.0	92.0	4.967391304347826	290.0	341.0	293.0	416.0	active
2017-05-17	25753-68a3e5516d7a7dc21fbe0e7ee13bfc1c	1025	632	42.0	0.0	5545.0	3236.0	73.0	4.917808219178082	268.0	308.0	260.0	456.0	active
2017-05-18	25753-68a3e5516d7a7dc21fbe0e7ee13bfc1c	1025	632	42.0	0.0	6663.0	3758.0	84.0	4.940476190476191	310.0	685.0	585.0	1645.0	active
2017-05-19	25753-68a3e5516d7a7dc21fbe0e7ee13bfc1c	1025	632	42.0	0.0	7290.0	4101.0	95.0	4.926315789473684	333.0	521.0	454.0	1106.0	active
2017-05-20	25753-68a3e5516d7a7dc21fbe0e7ee13bfc1c	1025	632	42.0	0.0	6718.0	3669.0	64.0	4.921875	399.0	734.0	653.0	1574.0	active
2017-05-21	25753-68a3e5516d7a7dc21fbe0e7ee13bfc1c	1025	632	42.0	0.0	4400.0	2636.0	71.0	4.859154929577465	210.0	358.0	315.0	616.0	active
2017-05-22	25753-68a3e5516d7a7dc21fbe0e7ee13bfc1c	1025	632	42.0	0.0	4458.0	2661.0	81.0	4.901234567901234	237.0	378.0	333.0	640.0	active
2017-05-23	25753-68a3e5516d7a7dc21fbe0e7ee13bfc1c	1025	632	42.0	0.0	5943.0	3422.0	83.0	4.927710843373494	258.0	399.0	362.0	791.0	active
2017-05-24	25753-68a3e5516d7a7dc21fbe0e7ee13bfc1c	1025	632	42.0	0.0	4246.0	2535.0	60.0	4.933333333333334	254.0	308.0	280.0	417.0	active
2017-05-25	25753-68a3e5516d7a7dc21fbe0e7ee13bfc1c	1025	632	42.0	0.0	4137.0	2557.0	57.0	5.0	236.0	271.0	241.0	339.0	active
2017-05-26	25753-68a3e5516d7a7dc21fbe0e7ee13bfc1c	1025	632	42.0	0.0	4920.0	2944.0	66.0	4.9393939393939394	332.0	338.0	291.0	425.0	active
2017-05-27	25753-68a3e5516d7a7dc21fbe0e7ee13bfc1c	1025	632	42.0	0.0	4867.0	2977.0	59.0	4.9491525423728815	351.0	356.0	307.0	504.0	active
2017-05-28	25753-68a3e5516d7a7dc21fbe0e7ee13bfc1c	1025	632	42.0	0.0	6186.0	3705.0	71.0	4.901408450704225	424.0	422.0	386.0	630.0	active
2017-05-29	25753-68a3e5516d7a7dc21fbe0e7ee13bfc1c	1025	632	42.0	0.0	3935.0	2372.0	61.0	4.885245901639344	238.0	338.0	309.0	516.0	active
2017-05-30	25753-68a3e5516d7a7dc21fbe0e7ee13bfc1c	1025	632	42.0	0.0	3998.0	2486.0	62.0	4.951612903225806	277.0	401.0	372.0	623.0	active
2017-05-31	25753-68a3e5516d7a7dc21fbe0e7ee13bfc1c	1025	632	42.0	0.0	6378.0	3843.0	70.0	4.885714285714286	389.0	517.0	476.0	736.0	active
2017-06-01	25753-68a3e5516d7a7dc21fbe0e7ee13bfc1c	1025	632	42.0	0.0	7650.0	4635.0	79.0	4.974683544303797	409.0	713.0	653.0	1289.0	active
2017-06-02	25753-68a3e5516d7a7dc21fbe0e7ee13bfc1c	1025	632	42.0	0.0	7217.0	4440.0	74.0	4.986486486486487	392.0	477.0	430.0	1073.0	active
2017-06-03	25753-68a3e5516d7a7dc21fbe0e7ee13bfc1c	1025	632	42.0	0.0	6495.0	3840.0	96.0	4.947916666666667	345.0	473.0	430.0	904.0	active
