code
600738
000595
002325
000421
601857
002700
600509
600586
002274
002682
002297
002766
002731
000617
603607
600917
601113
000983
600792
600617
601139
000937
600856
603169
600175
601872
000159
000018
002140
002548
600378
600088
002585
002550
002267
600889
600667
600249
603208
601088
600306
601858
603906
002326
000637
000715
600261
002911
603157
002783
000811
601226
000691
000551
600362
002434
603050
600408
603803
000982
000585
002658
600874
600971
002637
601608
601179
603800
600191
002660
002535
600122
600297
000733
000601
603676
601101
000737
600681
600248
601699
603979
002206
000809
601808
600348
600527
000698
600256
601001
002282
600395
002306
603003
600642
600277
000544
000819
000875
000008
600583
600979
002740
002115
002200
002128
000968
002318
002321
002109
600619
601799
000407
603536
600028
600903
000759
002469
000554
600730
002554
600219
002400
600777
600130
601011
600123
002476
603689
000697
002594
601015
600997
600026
600871
600106
600333
600716
600379
600502
601898
603991
603958
600966
000400
002738
000627
600250
000878
000889
603637
600387
601200
600661
600128
601919
002342
601811
002813
603113
603203
600121
600403
002516
002235
603937
002305
002455
002207
000552
000828
603727
600375
002436
601225
600739
002353
002828
600182
600281
600740
002697
600688
600238
000985
002865
603227
600131
000009
603998
002394
600933
603322
002893
000096
603323
