code
2755
2290
616
14
600740
2607
600199
801
899
600177
603032
601918
600738
600636
5
600810
2272
19
2353
560
839
931
600812
600456
600855
600425
2798
600423
600869
601616
600984
601968
601005
43
2623
690
713
600316
2299
403
2585
543
61
600783
636
592
600159
2746
695
949
966
810
877
600189
601608
606
629
600862
961
600533
601958
600699
2189
948
603333
831
702
779
935
603606
600496
601113
691
600623
2725
159
603800
2024
600152
502
600262
600031
600021
2302
601717
600617
2674
2481
600006
600675
600077
600256
600481
682
735
600997
600025
1872
737
603227
789
600756
2490
32
2387
600426
528
600801
600307
600780
519
600702
600865
600548
2685
628
603100
600596
600072
600160
600429
603000
2575
600781
2414
875
600854
777
600
862
2037
601857
603538
601100
600387
600336
2397
603086
912
2456
600495
40
600250
2510
600353
2819
600803
600257
600433
600248
603936
930
600559
600657
2111
600677
2023
55
600346
600206
880
601872
709
601011
600148
672
601058
603260
886
600782
600585
2405
566
2842
407
2616
2282